code,alpha_001,alpha_002,alpha_003,alpha_004,alpha_005,alpha_006,alpha_007,alpha_008,alpha_009,alpha_010,alpha_011,alpha_012,alpha_013,alpha_014,alpha_015,alpha_016,alpha_017,alpha_018,alpha_019,alpha_020,alpha_021,alpha_022,alpha_023,alpha_024,alpha_025,alpha_026,alpha_027,alpha_028,alpha_029,alpha_030,alpha_031,alpha_032,alpha_033,alpha_034,alpha_035,alpha_036,alpha_037,alpha_038,alpha_039,alpha_040,alpha_041,alpha_042,alpha_043,alpha_044,alpha_045,alpha_046,alpha_047,alpha_049,alpha_050,alpha_051,alpha_052,alpha_053,alpha_054,alpha_055,alpha_056,alpha_057,alpha_060,alpha_061,alpha_062,alpha_064,alpha_065,alpha_066,alpha_068,alpha_071,alpha_072,alpha_073,alpha_074,alpha_075,alpha_078,alpha_083,alpha_084,alpha_085,alpha_086,alpha_088,alpha_092,alpha_094,alpha_095,alpha_096,alpha_098,alpha_099,alpha_101
000001.XSHE,0.42773246,-0.14547156,-0.46174558,-0.77777778,-0.37182333,-0.59161266,-0.54166667,-0.13403417,-0.11,0.16334531,0.58679639,-0.11,-0.39601046,-0.34543046,-0.89685637,-0.32504905,-0.23636445,-0.59941138,-1.74420124,-0.54655422,-1.0,0.05506292,-0.52,-2.7,0.02221496,-0.9486833,-1.0,0.00041062,0.9070118,0.04641636,1.4842024,0.00645879,0.12463295,0.11706998,0.0,3.26594287,0.14524875,-0.82212317,-1.39593286,-0.31764795,-0.04293507,0.93745051,0.13125,-0.7049676,,1.0,-0.43130625,1.0,-0.93934372,1.0,0.11553087,-3.16666667,-0.47797706,-0.45040639,-0.41520948,0.04263113,-0.00045131,1.0,-1.0,-1.0,0.0,-1.45301682,-1.0,,0.61169985,-0.7773373,-1.0,0.0,0.97366302,0.86864415,0.85120528,0.5462689,0.0,,0.16666667,,0.0,-0.375,-0.11465005,0.0,0.26246719
000002.XSHE,-0.11810767,-0.11998072,-0.68054342,-0.44444444,-0.00888205,-0.71399547,-1.0,-0.44415243,-0.16,0.14178373,0.08058888,-0.16,-0.43884892,-0.16890719,-1.96022779,-0.47547417,-0.24179027,-0.91432309,1.83796145,-0.34930204,-1.0,0.09330699,0.0,-5.11,0.01992813,-0.6022163,1.0,-0.00041133,1.29803408,0.0384731,2.38765562,0.00661997,0.15497553,0.44735121,0.05371094,2.49245587,0.45887477,-0.49079988,-1.59571211,-0.58380909,0.00065383,1.02066116,0.05,-0.32263432,,1.0,-0.56701704,1.0,-0.65661253,1.0,0.1243672,3.13225806,-0.21146447,-0.27722373,-0.05923752,1.27512939,-5.008e-05,1.0,-1.0,-1.0,0.0,-1.10352786,-1.0,0.5,1.207339,-0.76280145,-1.0,0.0,0.49396121,2.35601658,0.60550133,0.83573234,0.0,0.5,0.66666667,-0.76931359,0.0,-1.0,0.24018242,-1.0,0.18813314
000008.XSHE,0.24665579,-0.51756497,-0.43020789,-0.44444444,-0.125129,0.22782598,-1.0,-0.17115637,0.07,0.40444299,0.57687689,-0.07,-0.12132112,0.13496375,-0.45002833,-0.05493787,-0.07146262,-0.293983,1.20385495,-0.12164777,-1.0,-0.02203779,-0.11,-0.55,0.38614832,-0.67121983,1.0,-0.00012198,1.77703145,0.05042565,1.68291167,0.00729661,0.32365416,0.07586658,0.2175293,3.10946139,1.23364103,-0.1270554,-0.8269102,-0.05632218,0.0030659,2.40721649,0.55,-0.40497228,,1.0,-0.06209604,0.07,-0.99070694,0.07,-0.00514864,6.9375,-0.12836002,-0.00456614,-0.16927281,0.07436423,-0.00026947,0.0,-1.0,-1.0,0.0,-0.89581273,0.0,0.6,1.17005866,-0.4375,-1.0,1.0,0.89722858,0.1272754,1.03245587,0.24634837,-1.0,0.5,0.19444444,-0.29298532,0.0,-0.61538462,-0.35817173,-1.0,-0.2484472
000009.XSHE,0.03115824,-0.48568977,-0.43700468,-0.88888889,-0.17935285,-0.57115925,-0.83333333,-0.59954008,-0.01,0.26102581,0.00628478,0.01,-0.88750818,-0.00411714,-1.39264348,-0.84336167,-0.20319847,-0.89012426,-1.41587716,-0.22120784,1.0,-0.13298172,0.12,-2.05,0.09898726,-0.968822,-1.0,0.00056659,1.20527523,0.1049434,1.52751117,0.00705303,0.3040783,0.35415304,0.05664063,2.79759329,1.16233946,-0.52371931,-1.10995485,-0.65394229,-0.03310883,2.61462882,0.525,-0.8818019,,-0.01,-0.10115642,-0.01,-0.99237653,-0.01,-0.03256713,4.48496241,-0.16636053,-0.7559992,-0.66730909,0.2013153,0.00040435,1.0,0.0,-1.0,0.0,-1.72650841,0.0,1.0,1.33453147,-0.90485629,0.0,1.0,0.79814346,3.29086285,0.71154366,0.92823506,0.0,,0.41666667,-0.93543615,1.0,-0.25,0.57667016,0.0,-0.09280742
000060.XSHE,0.03115824,0.31364824,-0.46236889,-0.55555556,-0.06903262,-0.31436353,-0.13333333,-0.1435611,-0.01,0.26102581,0.94519123,-0.01,-0.39731851,-0.15337068,-1.79780693,-0.41366906,-0.48328897,-0.5029431,-1.62169226,-0.0439632,1.0,-0.13237399,-0.19,-2.58,0.09081999,-0.79549513,-1.0,0.00056454,1.27463958,0.06079014,1.2726741,0.00631159,0.17063622,0.36559843,0.03479004,1.2799496,0.68458583,-0.62409475,-1.27927593,-0.23843367,-0.02141578,1.61613352,0.56875,-0.50161394,,1.0,0.20296409,-0.01,-0.81658956,-0.01,0.10940869,1.45955882,-0.25695103,-0.58316834,-0.40407649,0.18641804,0.00038155,1.0,-1.0,-1.0,-1.0,-1.62050775,-1.0,0.75,1.30661843,-0.72414932,0.0,0.0,0.90017057,2.65577253,0.91257149,0.7723451,0.0,,0.16666667,,0.0,,-0.03185111,0.0,0.08183306
000063.XSHE,-0.11810767,0.29583045,-0.67829616,-0.44444444,-0.0187232,-0.52954296,-1.0,-0.50098555,-0.03,0.23276707,0.07764919,-0.03,-0.23217789,-0.12423092,-1.66206259,-0.45683453,-0.14531229,-0.77076521,1.85690951,-0.29374545,-1.0,-0.12310431,0.0,0.4,0.06043777,-0.84270097,1.0,-0.00031485,1.79800131,0.1348799,2.20878306,0.00745865,0.25513866,0.41366906,0.06835938,3.16776863,0.77038414,-0.25005724,-1.42038357,-0.44055982,0.04440498,0.76981132,0.2,-0.93610059,,-0.03,-0.11168108,-0.03,-0.53932215,-0.03,0.09423979,1.95384615,-0.24285527,-0.38049782,-0.17384381,0.48535084,3.808e-05,0.0,-1.0,0.0,-1.0,-0.2184306,0.0,1.0,11.06000457,-0.5,-1.0,1.0,0.52067047,2.53683331,0.92325411,0.26709065,0.0,0.5,0.05555556,-0.64698206,0.0,-1.0,0.32793298,0.0,-0.07393715
000069.XSHE,0.42773246,-0.12720769,-0.4691323,-0.66666667,-0.15063254,-0.37908888,-0.18333333,-0.53777924,0.19,0.61336165,0.58391309,-0.19,-0.59548725,-0.33809959,-2.39145719,-0.59679529,-0.59236473,-0.81785481,-1.8049657,-0.22274845,-1.0,-0.23066221,0.0,-0.28,0.05129043,-0.68191905,1.0,-0.00048912,1.13240498,0.00642826,1.89969599,0.00719785,0.06949429,0.01144539,0.0168457,3.38644367,0.72570186,-0.70017394,-1.4930913,-0.17833616,-0.05631879,0.66311301,0.125,-0.74195028,,-0.19,-0.50456654,-0.19,-0.61533399,-0.19,-0.06507677,-1.72826087,-0.5934256,-0.58214804,-0.34837579,-0.0016427,-0.00118991,0.0,-1.0,-1.0,0.0,-1.20227498,-1.0,0.92857143,4.4852634,-0.74066733,-1.0,0.0,0.12278456,-0.00539191,1.0,0.86139495,-1.0,0.29787928,0.05555556,-0.50538336,0.0,-0.875,-0.27440917,-1.0,0.54131054
000100.XSHE,0.24665579,-0.43886819,-0.6588806,-1.0,-0.69246755,-0.79126705,-0.98333333,-0.30913272,0.06,0.38239138,0.74276075,-0.06,-0.23937214,-0.21363173,-1.49988668,-0.22269457,-0.03065255,-0.76291694,-1.63802679,-0.31226397,-1.0,0.00746701,-0.17,-0.34,0.62757269,-0.84515425,-1.0,0.00050089,0.99842726,0.16113609,1.48788763,0.00362148,0.75791191,0.06998038,0.0567627,3.1362581,0.46948349,-0.20231515,-1.24597448,-0.31207907,0.0161448,18.42222222,0.04166667,-0.79991023,,0.06,-0.12327698,0.06,-0.99569108,0.06,-0.05199869,,-0.20194551,-0.70470626,-0.02236587,0.01973385,0.00051596,1.0,0.0,-1.0,0.0,-1.23870755,-1.0,1.0,1.63356003,-0.67723819,0.0,0.0,0.7198584,0.48653569,0.8116092,0.96544316,-1.0,0.27112561,0.83333333,,1.0,-1.0,0.78016697,-1.0,-0.72072072
000156.XSHE,0.24665579,0.59679706,-0.196987,-0.77777778,-0.31878947,-0.22261354,-1.0,-0.49540079,0.14,0.53283241,0.28986365,-0.14,-0.24918247,-0.15528972,-1.5865156,-0.43427077,-0.08934115,-0.70143885,-1.21822934,-0.24250951,-1.0,0.00458127,-0.04,-0.63,0.4008494,-0.96308682,1.0,-9.37e-06,1.08394495,0.0637928,-0.41674144,0.00740789,0.43719413,0.52844997,0.07519531,2.12869431,1.3629364,-0.38032089,-0.77087955,-0.2687453,-0.00025866,0.94979804,0.4875,-0.33260404,,0.14,-0.467715,0.14,-0.58148025,0.14,-0.01260046,4.5625,-0.18244854,-0.33156542,-0.18274696,0.20925621,-0.00021183,0.0,-1.0,-1.0,-1.0,-1.32410155,-1.0,0.25,0.12688317,-0.584407,-1.0,1.0,0.90269095,0.39212087,1.01165708,0.40999542,-1.0,0.89265905,0.47222222,-0.80819619,0.0,-0.69230769,-0.98526517,0.0,-0.60606061
000157.XSHE,0.24665579,-0.61118879,-0.52434066,-0.44444444,-0.24040983,-0.27602408,-1.0,-0.16852825,0.02,0.30235217,0.70484393,-0.02,-0.25899281,-0.21081656,-1.95467657,-0.25049052,-0.12993032,-0.44931328,1.6968311,-0.05099421,-1.0,0.01077003,-0.04,-0.56,0.37242731,-1.0,-1.0,0.00048817,1.60665138,0.04842198,1.63517897,0.00601612,0.26231648,0.40124264,0.10742188,3.86463871,0.59349353,-0.49842749,-0.83561977,-0.05150421,-0.00068999,5.25874126,0.0875,-0.32102657,,1.0,-0.36025124,0.02,-0.87952207,0.02,0.0052166,-0.33333333,-0.37893078,-0.40695666,-0.10257424,0.01384768,-7.72e-05,1.0,0.0,0.0,0.0,-1.21018793,-1.0,0.25,0.73216328,-0.53287083,-1.0,0.0,0.97848051,0.31950329,0.93787336,0.44895598,-1.0,0.58433931,0.5,-0.45337236,1.0,-0.625,-0.00214917,-1.0,-0.12345679
000166.XSHE,0.42773246,-0.30300502,-0.2569725,-0.44444444,-0.2868012,-0.31164779,-0.675,-0.21452037,-0.02,0.25024502,1.07335072,-0.02,-0.18443427,-0.25507739,-1.04536203,-0.21648136,-0.47737651,-0.68999346,-1.50310356,-0.09022865,-1.0,0.01228585,-0.09,-0.61,0.14243711,-0.95837272,1.0,0.00039623,1.51720183,0.00819474,1.61904588,0.00703439,0.20130506,0.54774362,0.0201416,2.42841916,0.95453713,-0.75014144,-1.19607618,-0.04740391,-0.00314183,2.67474048,0.2625,-0.58602358,,1.0,-0.38301194,-0.02,-0.36237624,-0.02,0.0,-2.6,-0.41318285,-0.59814965,-0.44986932,0.013249,0.00042874,0.0,0.0,0.0,0.0,-1.48631718,-1.0,0.73333333,1.92859741,-0.5777998,0.0,0.0,0.95032123,0.1261575,0.98852404,0.75304584,0.0,0.5,0.16666667,-0.29526917,1.0,-0.25,0.1790978,0.0,0.08264463
000333.XSHE,-0.11810767,0.26218635,-0.63712358,-0.22222222,-0.01174935,-0.1146755,-1.0,-0.06011827,0.39,0.80741588,0.47604702,-0.39,-0.23544801,-0.03979075,-1.23760817,-0.29561805,-0.0067935,-0.58633094,1.85168246,-0.07417939,-1.0,-0.30543778,0.0,0.6,0.95491669,-0.19611614,-1.0,0.00026378,1.78918742,0.1946883,2.54193947,0.00802213,0.42675367,0.83911053,0.06317139,2.74994111,1.38883731,-0.05249172,-0.06253223,-0.49766553,0.09868325,0.53044983,0.25,-0.88627799,,0.39,0.01229151,0.39,-0.96413294,0.39,-0.0172754,7.53548387,-0.12179584,-0.57688872,-0.00321589,0.54576237,3.206e-05,1.0,0.0,0.0,0.0,-0.84553248,0.0,1.0,8.41769836,-0.5625,-1.0,1.0,0.49346556,1.92142768,1.74110113,0.91833112,0.0,0.64143556,0.94444444,-0.05269168,1.0,-1.0,0.71116892,-1.0,-0.88167053
000338.XSHE,0.03115824,-0.07374156,-0.5632151,-0.88888889,-0.30256578,-0.42152902,-1.0,-0.15013141,0.02,0.30235217,0.69606587,-0.02,-0.42609549,-0.06809102,-1.23634766,-0.36102027,-0.26392589,-0.70634402,-1.89513231,-0.16047017,-1.0,0.01446154,-0.06,-0.2,0.6514211,-0.94958688,1.0,-0.00022039,1.33879423,0.07475501,1.60281274,0.00717994,0.27406199,0.63047744,0.02685547,1.72316959,0.60391453,-0.54629765,-1.13894345,-0.1496819,0.01563282,2.91666667,0.05625,-0.49366531,,1.0,-0.53849303,0.02,-0.89226702,1.0,0.02517805,11.5,-0.06339927,-0.33338687,-0.08119345,0.07637471,0.00040564,1.0,-1.0,-1.0,0.0,-1.46735905,-1.0,0.25,1.26344249,-0.78361414,-1.0,0.0,0.80859162,1.87473892,0.94317181,0.65803064,0.0,,0.16666667,,1.0,-0.125,0.17864358,-1.0,-0.1242236
000402.XSHE,0.24665579,-0.42063159,-0.86041796,-0.22222222,-0.05418552,-0.82147896,-1.0,-0.07457293,0.24,0.67918981,0.91746048,-0.24,-0.31033355,-0.2228652,-0.44437055,-0.10954872,-0.01516644,-0.56442119,1.77098987,-0.14897736,-1.0,0.08664327,0.0,0.09,0.85560274,-0.92747779,-1.0,5.667e-05,1.81159895,0.11315942,0.16914695,0.00575307,0.67406199,0.19947678,0.30975342,3.36475129,0.73650247,-0.02985877,-0.12716288,-0.50405664,0.02249814,1.44428044,0.2,-0.7660271,,1.0,-0.05437734,1.0,-0.96100463,1.0,0.04357269,24.0,-0.03903361,-0.56696654,-0.00050941,0.15111511,-7.158e-05,1.0,-1.0,0.0,0.0,-0.46587537,-1.0,0.5,1.84398434,-0.5625,-1.0,1.0,0.96463417,0.99159205,1.23205462,0.70540976,0.0,0.5,1.0,-0.37237389,1.0,-0.625,-0.0030831,-1.0,-0.74733096
000413.XSHE,0.03115824,-0.74483159,0.60975325,-0.55555556,-0.10463663,0.31725367,0.06666667,-0.6238502,0.07,0.40444299,0.00151288,0.07,-0.50228908,0.00821201,-1.91906627,-0.46566383,-0.24226926,-0.41039895,1.40640314,-0.09571369,1.0,0.12893829,0.19,-1.71,0.92388108,-0.63219542,1.0,0.00018577,1.41890564,0.17883739,-0.10869956,0.00695374,0.34910277,0.68345324,0.11132813,3.06813195,1.22203331,-0.37809207,-0.11205114,-0.31400098,-0.0204018,1.87288136,0.6125,-0.6299797,,0.07,-0.31815513,0.07,-0.56301415,0.07,0.02690885,33.19565217,-0.02946661,-0.78873915,-0.07597505,0.36295429,0.00041424,0.0,-1.0,-1.0,0.0,-1.73557534,-1.0,0.75,0.75087192,-0.84671292,0.0,0.0,0.4420649,4.9271623,0.90043485,0.79526421,0.0,0.19477977,0.05555556,-0.72626427,0.0,-1.0,0.45234173,-1.0,-0.1994302
000415.XSHE,0.42773246,-0.49515401,-0.17733933,-0.22222222,-0.13643382,0.48946775,0.41666667,-0.27628121,-0.12,0.15991506,0.92250043,-0.12,-0.37279267,0.45274163,-1.22464226,-0.1412688,-0.64652776,-0.17135383,1.62201895,-0.17925394,1.0,0.05742344,-0.08,-0.91,0.12414244,-0.35160542,1.0,-0.00025222,1.4104194,0.16032727,1.56498792,0.00576126,0.09429038,0.03433617,0.01831055,2.19421126,0.95553709,-0.75616307,-0.34088988,-0.12216207,-0.03441297,1.09543568,0.75,-0.26081332,,-0.12,-0.26433174,-0.12,-0.99270799,-0.12,-0.09890885,-0.43516484,-0.71227735,-0.41390282,-0.02384543,-0.01460629,-0.00115554,1.0,-1.0,0.0,0.0,-0.73310254,-1.0,,3.09609799,-0.75,-1.0,1.0,0.85393756,-0.04734943,0.98811446,0.69632565,-1.0,0.66688418,0.16666667,-0.43360522,1.0,-0.76923077,-0.13840063,-1.0,0.58479532
000423.XSHE,0.03115824,0.39615762,-0.54237846,-0.22222222,-0.05603858,-0.18780571,-1.0,-0.7457293,0.03,0.32718066,0.02340687,-0.03,-0.28580772,-0.12528585,-0.41773103,-0.21877044,-0.11350135,-0.93459778,1.70140477,-0.12128952,-1.0,-0.3168488,0.0,-1.0,0.34825221,-0.12862394,-1.0,-0.00054125,1.04750983,0.10662299,0.01791429,0.00653474,0.22838499,0.68410726,0.01098633,2.10450833,0.54981356,-0.37715565,-1.40184596,-0.1954373,0.0239287,0.04140444,0.025,0.0675547,,0.03,-0.94608697,0.03,-0.720423,0.03,-0.10086508,0.135,-0.72727273,0.38671964,-0.11897259,-1.16172678,-0.0011181,0.0,0.0,-1.0,-1.0,-0.60121991,0.0,0.5,0.18004599,-0.95275851,-1.0,0.0,0.19653965,-3.51697573,0.89905225,0.98901548,-1.0,0.46460033,0.05555556,-0.9453242,0.0,-1.0,-0.05324766,0.0,0.0
000425.XSHE,0.03115824,-0.35563275,0.06512041,-0.55555556,-0.19699603,0.25688924,-1.0,-0.1934954,0.06,0.37798105,0.76826319,-0.06,-0.25572269,0.10049992,-2.23824499,-0.21124918,-0.07618009,-0.28449967,1.75008167,-0.03039619,-1.0,1.375e-05,-0.01,-0.04,0.6200588,-0.02179068,1.0,0.00035249,1.74787025,0.09065753,1.76072228,0.00696043,0.4502447,0.36886854,0.14831543,2.42920102,1.03147852,-0.22981385,-0.15836805,-0.00577331,0.00875724,14.19402985,0.1,0.09102283,,1.0,-0.21013198,0.06,-0.59827643,0.06,0.01190722,,0.0,-0.25444523,-0.02233727,0.03433119,0.00010303,1.0,0.0,0.0,0.0,-0.50428619,0.0,0.5,1.33857337,-0.45127189,0.0,0.0,0.97530285,0.8615979,0.96899613,0.71690564,-1.0,0.39510604,1.0,-0.17389886,0.0,-1.0,-0.06833413,0.0,-0.56338028
000503.XSHE,,,,,,,,,,,,,,,,,,,,,,,,,,,,,,,,,,,,,,,,,,,,,,,,,,,,,,,,,,,,,,,,,,,,,,,,,,,,,,,,,
000538.XSHE,-0.11810767,0.3839711,-0.06282026,-0.22222222,-0.00184709,0.04015283,0.76666667,-0.07654402,0.57,0.88827181,0.69909794,0.57,-0.16971877,0.01651108,-0.51930241,-0.11739699,-0.07394183,-0.38489209,1.75040836,-0.02401724,1.0,0.00703374,0.0,1.96,0.8676903,0.40824829,1.0,0.00046371,1.76821756,0.21094955,2.87891071,0.00795979,0.36150082,0.97318509,0.23071289,3.75648211,1.31422275,-0.05846347,-1.19888625,-0.03560897,0.26792318,0.05703048,0.95,0.82747603,,1.0,-0.00379498,1.0,-0.59550562,1.0,0.90533812,1.35939394,-0.42383446,0.02916266,-0.02988648,-0.84183722,-0.0008755,1.0,0.0,0.0,0.0,-0.66897461,0.0,,1020.41595814,-0.6875,-1.0,1.0,0.8856487,-0.10049886,3.36602222,0.99959264,-1.0,0.43523654,0.72222222,-0.22954668,1.0,-1.0,0.57669371,0.0,-0.36002483
000540.XSHE,-0.33017945,-0.13493317,0.05754238,-0.22222222,-0.07380226,0.55304888,-1.0,-0.06570302,0.27,0.71153218,0.03098859,-0.27,-0.4205363,0.31856485,-2.15096532,-0.33355134,-0.01335038,-0.18083715,1.74616139,-0.00056335,-1.0,0.367285,0.24,-1.9,0.97713166,-0.80915478,-1.0,0.00022307,1.30134338,0.18794241,1.82185636,0.00645414,0.84469821,0.91955526,0.35760498,2.21560852,0.62171742,-0.03701561,-0.88968354,-0.18777118,0.04650725,3.04103343,0.1,-0.73057716,,1.0,-0.00130213,0.27,-0.86903587,1.0,-0.02375106,32.56603774,-0.03332291,-0.87472818,-0.00367823,0.13802689,0.00025142,1.0,-1.0,0.0,-1.0,-0.95169799,-1.0,1.0,2.26084224,-0.8125,0.0,0.0,0.9154487,2.32489398,2.83889812,0.66161836,-1.0,,0.16666667,,0.0,-1.0,0.50359604,0.0,-0.58651026
000555.XSHE,,,,,,,,,,,,,,,,,,,,,,,,,,,,,,,,,,,,,,,,,,,,,,,,,,,,,,,,,,,,,,,,,,,,,,,,,,,,,,,,,
000559.XSHE,0.24665579,-0.37948404,-0.02055142,-1.0,-0.66022498,-0.50299252,-0.81666667,-0.49310118,0.05,0.36573015,0.0128122,-0.05,-0.90712884,-0.05339763,-2.48998254,-0.92805755,-0.14851563,-0.88096795,-1.3518458,-0.04438036,-1.0,-0.02724533,-0.19,-1.82,0.34433192,-0.98669027,-1.0,0.00044994,1.0706422,0.13889147,-0.55499848,0.00710518,0.18923328,0.16023545,0.06665039,2.63175656,1.11632262,-0.67692524,-1.01720856,-0.50875822,0.00273964,0.32136602,0.2125,-0.9662713,,0.05,-0.70554839,0.05,-0.99008592,0.05,-0.01344659,-0.78205128,-0.71205024,-0.47293669,-0.20023649,-0.22263753,-0.0007211,0.0,0.0,-1.0,0.0,-0.93356413,-1.0,0.25,1.75356218,-0.82656095,-1.0,1.0,0.31782307,-0.68958072,0.95268989,0.78082383,-1.0,0.17226754,0.05555556,-0.79681257,0.0,-0.92307692,-0.2275858,-1.0,0.16574586
000568.XSHE,0.24665579,0.04854649,0.25715419,-0.88888889,-0.48972736,-0.13195307,-1.0,-0.82555848,1.06,0.96390069,0.13613454,1.06,-0.32831916,-0.00380468,-1.86545777,-0.5441465,-0.00550823,-0.93721387,-1.91832734,-0.00125406,-1.0,-0.51135254,1.12,-0.37,0.97027115,-0.92241007,-1.0,7.366e-05,0.82326343,0.06229227,-0.85661977,0.00663914,0.41859706,0.65925441,0.07324219,3.36394743,1.02700361,-0.48550189,-1.08243979,-0.412176,0.05496287,0.50350819,0.6,-0.59099485,,-1.0,-0.96033416,1.06,-0.94208621,1.06,-0.81515518,1.18092729,-0.44647996,0.30241044,-0.00949708,0.06785377,-0.00027333,0.0,0.0,-1.0,-1.0,-1.8165183,0.0,0.8,1.41554,-0.98315164,-1.0,0.0,0.5573531,1.11676523,0.19905783,0.8684082,-1.0,0.30114192,0.08333333,-0.99115172,0.0,-1.0,-0.2267251,-1.0,-0.29222677
000623.XSHE,0.03115824,0.04402055,-0.81437086,-0.33333333,-0.03374414,-0.68905645,-1.0,-0.05354796,0.0,0.27425678,1.10187637,0.0,-0.14257685,-0.41361449,-1.83869499,-0.31916285,-0.11768928,-0.6942446,1.72329304,-0.03017333,-1.0,0.01748799,-0.02,-2.45,0.20875531,-0.80178373,-1.0,0.00015086,1.84076016,0.0857828,1.80486324,0.00577791,0.20619902,0.34172662,0.140625,1.46217549,0.27440664,-0.23072441,-1.33399832,-0.42914562,-0.0458093,0.75104428,0.45,-0.80067293,,1.0,-0.10051574,1.0,-0.93967517,1.0,0.09494544,-2.72631579,-0.4016246,0.05747696,-0.76743827,0.12694275,-0.00042001,1.0,-1.0,-1.0,0.0,-1.17144741,-1.0,0.46666667,1.48480867,-0.49289726,-1.0,0.0,0.64818858,1.15358624,0.97265495,0.42426196,-1.0,0.5,0.16666667,-0.26916803,0.0,-1.0,-0.13779898,0.0,0.06369427
000625.XSHE,0.24665579,-0.08372962,-0.41349468,-0.11111111,-0.0662424,-0.25609174,0.85,-0.06373193,0.31,0.75073505,0.85567062,0.31,-0.25277959,-0.05739408,-1.82264087,-0.35676913,-0.01656964,-0.46958797,1.536426,-0.23315043,1.0,0.01662851,0.0,-1.37,0.93204835,-0.8660254,1.0,-8.406e-05,1.90678244,0.17889747,0.05301256,0.00613943,0.75595432,0.26193591,0.56762695,2.07290989,1.41728655,-0.02236422,-0.29267656,-0.34078108,0.04738805,1.13258026,0.8,-0.86552532,,1.0,0.28688163,0.31,-0.72688101,1.0,0.10965697,30.30769231,-0.03470111,0.02057283,-0.01234124,0.13768533,6.78e-05,1.0,-1.0,0.0,0.0,-0.92433234,-1.0,1.0,1.30144069,-0.4375,-1.0,0.0,0.7980221,0.05896463,1.61497126,0.39068349,0.0,0.95856444,0.16666667,-0.22954668,1.0,-0.34615385,0.07002134,-1.0,-0.93457944
000627.XSHE,0.24665579,-0.56475605,-0.52988915,-0.44444444,-0.15130519,-0.386673,-1.0,-0.05584757,0.35,0.77932048,0.76412161,-0.35,-0.29758012,-0.03281399,-1.70597335,-0.41857423,-0.01462636,-0.1913015,1.68016988,-0.09285225,-1.0,0.20639993,-0.17,-3.25,0.98235871,-0.7333588,-1.0,0.00056419,1.48024246,0.0502487,1.39022388,0.00674988,0.94388254,0.47253107,0.22216797,2.1070545,0.76577699,-0.01894041,-1.37223055,-0.62661417,0.02304197,1.92829828,0.0875,-0.23217368,,1.0,0.17524636,1.0,-0.74543644,1.0,0.01947076,3.04597701,-0.27267045,-0.59723347,-0.00508638,0.15381026,4.242e-05,0.0,-1.0,-1.0,-1.0,-0.47312892,-1.0,,1.7617792,-0.64288074,-1.0,0.0,0.97338462,1.89111796,0.65806349,0.73307668,-1.0,,0.16666667,,0.0,,0.35836819,0.0,-0.65259117
000630.XSHE,0.03115824,0.369605,-0.63848111,-0.11111111,-0.20960856,-0.71288849,-0.70833333,-0.16392904,0.01,0.29189807,0.74818923,0.01,-0.20797907,-0.38307245,-1.80242972,-0.176586,-0.2695614,-0.61870504,-1.72100621,-0.0170094,1.0,0.00684792,0.01,-0.54,0.53577262,-0.98745695,-1.0,0.0004268,1.16982307,0.18898264,1.66742819,0.00691136,0.22838499,0.35938522,0.08407593,0.86722291,1.09830635,-0.5213437,-1.38357614,-0.09673209,-0.00438116,57.5625,0.240625,-0.2966107,,1.0,-0.09082412,0.01,-0.84931962,0.01,-0.02144136,-3.0,-0.33333333,-0.68178168,-0.24284074,0.02729509,0.00041166,1.0,-1.0,0.0,0.0,-1.4322453,-1.0,0.25,1.1297442,-0.4375,0.0,0.0,0.95590928,0.48684759,0.9685644,0.81109287,-1.0,,0.16666667,-0.47550094,0.0,-0.125,0.34286718,-1.0,0.0
000651.XSHE,-0.11810767,0.59879471,-0.48754927,-0.22222222,-0.0072255,-0.01464576,-1.0,-0.18002628,0.24,0.67657628,0.07560446,-0.24,-0.176586,-0.00294163,-2.35383704,-0.26291694,-0.02431074,-0.76978417,1.95066972,-0.03957684,-1.0,-0.43939925,0.0,0.55,0.97125123,0.14744196,1.0,-0.00012853,1.77313237,0.13977136,2.71648622,0.00779667,0.34747145,0.85480706,0.05493164,3.28236572,1.28650846,-0.15527933,-1.52280151,-0.19477784,0.1072745,0.63141361,0.3,-0.72151871,,1.0,0.0077745,1.0,-0.63935505,1.0,0.21579876,3.65559247,-0.21229232,-0.39360447,-0.01238457,0.14426563,6.174e-05,0.0,0.0,0.0,0.0,-0.51747445,0.0,0.8,1.72815268,-0.5,-1.0,0.0,0.56222229,1.26155424,0.69803372,0.97818775,0.0,0.5,0.77777778,-0.05269168,1.0,-0.875,0.65673215,-1.0,-0.35242291
000671.XSHE,-0.33017945,0.01109425,-0.86984733,-0.11111111,-0.11214805,-0.76648208,-1.0,-0.19645204,0.11,0.47958184,0.12417907,-0.11,-0.40091563,-0.40107205,-1.57148941,-0.40451275,-0.00426749,-0.37148463,1.49950996,-0.13722068,-1.0,0.00077777,0.0,-0.46,0.56615485,-0.76282144,-1.0,0.00018749,1.79980341,0.14866816,2.03319231,0.00687935,0.7141925,0.21419228,0.28564453,1.99055408,1.22900876,-0.02618614,-0.13225186,-0.15416789,-0.00172531,5.4015444,0.3,-0.92460584,,1.0,-0.10824033,0.11,-0.84368804,0.11,0.00276968,10.6,-0.08467994,-0.72661776,-0.03192144,0.07415944,-2.214e-05,1.0,0.0,-1.0,0.0,-0.86284207,-1.0,0.33333333,1.68430179,-0.75,-1.0,0.0,0.4267096,0.42041124,1.66408344,0.3571863,-1.0,0.5,0.33333333,-0.35853608,0.0,-0.69230769,-0.11074625,-1.0,-0.83969466
000686.XSHE,0.24665579,-0.3656622,-0.24544799,-1.0,-0.34968015,-0.00189702,-0.6,-0.15473062,0.01,0.28650768,1.0843948,0.01,-0.5235448,-0.00158748,-1.90791223,-0.44800523,-0.34803582,-0.68410726,-1.37798105,-0.18256913,1.0,-0.00084222,-0.12,-1.48,0.38353479,-0.83195571,-1.0,0.0004159,1.43004587,0.06605529,1.3561622,0.00724611,0.2593801,0.21942446,0.109375,2.51051107,1.10719107,-0.61838183,-0.33523342,-0.13287224,-0.01817457,1.09036145,0.309375,-0.82725359,,0.01,-0.29229949,0.01,-0.94663573,0.01,-0.02030709,0.41818182,-0.38824039,-0.87369563,-0.63939844,0.05065944,0.00034563,0.0,0.0,-1.0,0.0,-1.62578305,-1.0,0.25,3.89416967,-0.6299967,0.0,0.0,0.88197729,1.17841805,0.99745432,0.97749367,-1.0,0.40489396,0.33333333,-0.67928222,1.0,-0.75,0.45234948,0.0,-0.07662835
000709.XSHE,0.03115824,-0.13309186,-0.56958006,-1.0,-0.38799496,-0.64101059,-0.96666667,-0.49211564,-0.03,0.23587063,0.00026496,-0.03,-0.19816874,-0.0113416,-0.70546615,-0.16808371,-0.0687031,-0.89666449,-1.92486116,-0.10365972,1.0,0.44071015,0.01,-0.27,0.03266906,-1.0,1.0,0.00053333,0.57021625,0.11336905,1.25441818,0.00624421,0.154323,0.3440157,0.02478027,3.37151335,0.94317208,-0.7060608,-1.51716925,-0.59675509,0.01615318,7.37442922,0.24375,0.58597544,,-0.03,-0.15833904,-0.03,-0.85330236,-0.03,-0.08618099,1.5,-0.14961987,0.17447352,-0.65302137,0.08287968,0.00041639,1.0,0.0,-1.0,-1.0,-1.04698318,0.0,,1.71887169,-0.8741328,-1.0,1.0,0.93015455,1.41414218,0.84516037,0.99527837,0.0,0.10081566,0.08333333,-0.78727569,1.0,-0.84615385,0.832161,-1.0,0.11494253
000718.XSHE,-0.11810767,-0.22745751,-0.31067794,-0.33333333,-0.21528971,-0.17833263,-1.0,-0.37056505,0.04,0.33894152,0.09510214,-0.04,-0.44931328,-0.05597728,-1.54900433,-0.41432309,-0.03289079,-0.44898627,-1.07775237,-0.10580983,-1.0,0.06899231,0.0,-0.1,0.29140804,-0.6415029,1.0,0.0004277,1.45334207,0.26500557,0.14112426,0.00738583,0.36884176,0.65663833,0.09667969,3.37928832,0.61404732,-0.30861088,-0.42686061,-0.03830244,-0.000989,3.94166667,0.3,-0.38398614,,0.04,-0.35872315,0.04,-0.58460013,0.04,0.00015485,4.75,-0.14805141,-0.01339677,-0.08717335,0.17201575,1.149e-05,1.0,-1.0,0.0,0.0,-0.71282559,-1.0,0.75,2.01632659,-0.49058474,0.0,1.0,0.7569319,0.48900399,1.01300736,0.8275662,-1.0,0.60326264,0.16666667,-0.42972733,1.0,-0.92307692,-0.38218716,0.0,-0.56338028
000725.XSHE,0.03115824,-0.23999083,-0.61649346,-0.33333333,-0.14946459,-0.29849899,-1.0,-0.19218134,0.01,0.29189807,0.00706974,-0.01,-0.20961413,-0.21937524,-0.96693995,-0.17789405,-0.0203557,-0.62262917,1.88467821,-0.02052448,-1.0,-0.01102091,0.0,-0.01,0.47566155,-0.88823479,1.0,-0.00039029,1.71805374,0.10146475,1.9538022,0.00743091,0.22838499,0.52746893,0.01623535,2.01337055,1.10911894,-0.22427853,-0.41524713,-0.02181111,0.00222121,11.96666667,0.04375,-0.03869856,,1.0,-0.28819444,0.01,-0.55293727,0.01,0.0,2.33333333,-0.25,-0.86694368,-0.00202866,0.03298661,3.208e-05,1.0,-1.0,-1.0,0.0,-0.77431586,0.0,0.33333333,1.9104209,-0.38850347,0.0,0.0,0.90263717,0.3736376,1.00223393,0.77742144,-1.0,0.42251223,,-0.11810767,1.0,-0.875,0.34347141,0.0,0.0
000728.XSHE,0.42773246,-0.7411411,-0.57959536,-1.0,-0.60905844,-0.73326718,-0.7,-0.1412615,-0.49,0.06354133,1.020293,-0.49,-0.64061478,-0.71741015,-2.56932099,-0.66252453,-0.78431391,-0.9146501,-1.69552434,-0.20055405,-1.0,-0.16846499,-0.85,-3.28,0.00751388,-0.99631675,-1.0,0.00040824,1.17283748,0.00874452,1.19121673,0.00595266,0.04926591,0.09221714,0.00390625,2.23270127,0.45278362,-0.89287967,-1.40756316,-0.5112346,-0.01397801,0.13220133,0.3375,-0.91415991,,1.0,-0.33871635,-0.49,-0.79664363,1.0,0.02553414,-0.57422969,-0.55538666,-0.59899185,-0.55271656,-0.10503514,-0.00067971,0.0,0.0,-1.0,0.0,-1.76228157,-1.0,0.25,1.18383525,-0.847704,0.0,0.0,0.98509319,-0.96735834,0.93972998,0.86565025,0.0,0.14257749,0.16666667,-0.88581351,1.0,-1.0,0.50563617,-1.0,0.47440699
000738.XSHE,-0.33017945,0.51291506,-0.26320446,-0.11111111,-0.01319939,-0.10332043,-1.0,-0.34658344,0.49,0.06288795,1.35209511,0.49,-0.0470896,-0.03216068,-0.51170035,-0.0323741,-0.02354992,-0.34597776,1.1394969,-0.00331509,1.0,0.69865327,0.0,-0.13,0.87651094,-0.85401682,1.0,-0.00026856,1.95773263,0.1898327,0.62419465,0.00775144,0.84339315,0.5676913,0.52185059,3.05148489,1.46663969,-0.01436207,-0.03773416,-0.16177704,0.03203442,1.21421756,0.55,0.76519756,,0.49,0.1801179,0.49,-0.65102445,0.49,0.05600457,15.20833333,-0.06177922,0.02267166,-0.02041864,0.31587926,-3.462e-05,1.0,0.0,0.0,0.0,-0.41048467,0.0,1.0,6.87604792,-0.8125,0.0,1.0,0.8504452,1.69539024,10.96478196,0.99541725,0.0,0.96378467,1.0,-0.05269168,1.0,-1.0,0.55668692,0.0,-0.83484574
000750.XSHE,-0.33017945,-0.00887155,0.4503895,-0.33333333,-0.18710431,0.18386706,-0.14166667,-0.15374507,-0.03,0.23587063,0.92548412,-0.03,-0.13080445,0.15374467,-0.44913442,-0.12132112,-0.33613472,-0.51831262,-1.31525645,-0.15300808,1.0,0.0594718,-0.13,-0.8,0.11956877,0.01515152,1.0,-2.251e-05,1.66726737,0.07310795,1.72144574,0.00730526,0.15986949,0.40909091,0.03405762,1.87567466,1.09815242,-0.59860265,-1.04918654,-0.00382506,-0.00550769,2.66546763,0.5,0.18065799,,1.0,-0.17770363,-0.03,-0.19920451,-0.03,0.01185887,-0.475,-0.45858407,0.42384474,-0.36062547,0.01221767,-0.00010903,0.0,-1.0,-1.0,0.0,-0.79838444,-1.0,0.25,6.54660499,-0.5625,0.0,0.0,0.94050901,0.18942012,1.0089657,0.84470523,-1.0,0.32039152,0.05555556,-0.52692589,1.0,-0.46153846,-0.31960341,0.0,0.1754386
000768.XSHE,-0.33017945,0.86792002,-0.33135234,-0.11111111,-0.01734449,0.13160894,0.61666667,-0.20105125,0.4,0.07905913,1.43376307,0.4,-0.40026161,0.04989238,-0.93052968,-0.32275997,-0.02513358,-0.26030085,1.29696178,-0.03396519,1.0,0.29558049,0.0,-0.99,0.95360993,-0.13558154,1.0,-0.0003414,1.9102228,0.25084392,2.13978548,0.00726047,0.80228385,0.74460432,0.6427002,2.99221684,1.21742702,-0.01812427,-0.0420981,-0.13420167,0.04854877,1.24184915,0.75,-0.35961058,,0.4,0.24894272,0.4,-0.73149685,0.4,-0.05390134,5.65714286,-0.15368315,-0.2606231,-0.00548661,0.66805007,0.00015765,0.0,-1.0,0.0,0.0,-0.42894824,0.0,0.75,7.83409248,-0.75,-1.0,1.0,0.76573365,3.62494315,2.56967506,0.88940165,0.0,0.5,1.0,-0.57357259,0.0,-1.0,-0.35614901,0.0,-0.56087551
000776.XSHE,0.42773246,-0.72801776,-0.43540408,-0.66666667,-0.34419816,-0.66842724,-0.40833333,-0.10282523,-0.05,0.21218556,0.99127246,-0.05,-0.54970569,-0.53723854,-2.4559849,-0.55788097,-0.41632957,-0.71223022,-1.68572362,-0.30175458,-1.0,-0.06160351,-0.38,-2.73,0.05782424,-0.66639249,-1.0,0.00049817,1.31520315,0.00758558,1.32240496,0.00611302,0.22838499,0.18705036,0.02563477,2.29436035,0.49444004,-0.72471811,-1.3485789,-0.34418257,-0.01898195,0.71820809,0.35,-0.79622062,,1.0,-0.5322386,1.0,-0.7976308,1.0,0.06835021,-1.02631579,-0.40425532,-0.77207793,-0.31487779,0.08846937,0.00048853,1.0,-1.0,-1.0,0.0,-1.69205407,-1.0,0.25,3.35625292,-0.82986455,0.0,0.0,0.84198109,1.38683355,0.93706037,0.71835265,0.0,,0.33333333,,1.0,-1.0,-0.20111343,-1.0,0.0
000783.XSHE,0.42773246,-0.57540418,-0.03249266,-0.55555556,-0.28934202,-0.36315909,-0.45833333,-0.1586728,-0.09,0.1813133,0.94966121,-0.09,-0.81556573,-0.33281651,-1.67820849,-0.76062786,-0.40091515,-0.60758666,-1.49558968,-0.46602275,-1.0,-0.01482354,-0.47,-1.49,0.07383208,-0.77472473,1.0,0.00048961,1.25412844,0.01037862,1.46575574,0.00672417,0.13181077,0.16350556,0.01171875,2.11408597,0.84996996,-0.81538445,-1.2072596,-0.20354073,-0.01864905,1.33928571,0.35625,-0.88145828,,1.0,-0.09638909,-0.09,-0.84402764,-0.09,0.05906566,0.98571429,-0.35555749,-0.81892216,-0.38103333,0.05950968,0.00052724,0.0,-1.0,-1.0,0.0,-1.01302341,-1.0,0.25,1.27392821,-0.70597952,0.0,0.0,0.8754509,0.63478666,0.98877891,0.93852382,0.0,,0.22222222,-0.72678873,1.0,-0.625,0.44078453,-1.0,0.29520295
000792.XSHE,0.42773246,-0.74821878,-0.30306775,-1.0,-0.52713066,-0.53910021,-1.0,-0.75,-0.61,0.05031036,0.39320089,-0.61,-0.88587312,-0.4998865,-1.43960253,-0.88750818,-0.83349993,-0.96893394,-1.42208429,-0.02052626,-1.0,-0.04127189,-0.82,-2.8,0.00784057,-0.98611686,1.0,0.00042946,0.91435125,0.09185838,1.14296349,0.00664009,0.01598695,0.00686723,0.0,3.06398278,0.92060072,-0.9241228,-1.41415791,-0.73369134,-0.13161141,0.7338538,0.125,-0.70272979,,-0.61,0.3168497,-0.61,-0.82319894,-0.61,-0.14267886,0.23188406,-0.42859947,-0.029703,-0.77940827,0.03317111,-0.00064573,0.0,0.0,-1.0,0.0,-1.58325091,0.0,0.86666667,3.02438629,-0.93029402,0.0,1.0,0.82630317,0.27350635,0.82952937,0.99839702,0.0,0.01402936,0.30555556,-0.91941272,0.0,-0.75,0.42406989,-1.0,0.55326177
000793.XSHE,-0.33017945,-0.35047287,-0.77880971,-0.11111111,-0.12087053,-0.48295361,-1.0,-0.08935611,0.1,0.45589677,0.22531394,0.1,-0.85840419,-0.29401304,-1.26743284,-0.86854153,-0.03078455,-0.6294964,1.63116629,-0.12417719,-1.0,0.00954447,0.15,-0.7,0.57464881,-0.86859904,-1.0,-0.00024328,1.77981651,0.16444583,-0.09053219,0.00591263,0.43393148,0.41661216,0.21063232,3.53918685,0.66212373,-0.1347151,-0.85141532,-0.19130388,0.00943357,1.16637011,0.55,-0.7164927,,1.0,-0.01043958,0.1,-0.74709592,0.1,-0.02858674,2.33333333,-0.20976381,-0.66829799,-0.05230081,0.06189504,2.861e-05,0.0,0.0,-1.0,-1.0,-0.38361358,0.0,0.5,0.08726896,-1.0,-1.0,0.0,0.13888106,1.23085147,3.41524841,0.64119921,-1.0,0.5,0.22222222,-0.62440837,0.0,-1.0,-0.16038464,-1.0,-0.49751244
000826.XSHE,0.42773246,-0.52409323,-0.14764672,-0.66666667,-0.70381814,-0.27051964,0.05833333,-0.80190539,-0.04,0.22933682,0.09433662,0.04,-0.45323741,-0.21964209,-0.72503767,-0.206017,-0.1730342,-0.44342708,1.63083959,-0.20469558,-1.0,0.07505304,0.0,-1.23,0.16628553,-0.52868053,1.0,-0.00041142,1.17791612,0.00718,-0.26012608,0.00431871,0.21141925,0.13015043,0.09442139,2.9492961,0.34390681,-0.65840918,-1.22927876,-0.19113973,-0.03196923,0.05192447,0.35,-0.2838974,,-1.0,-0.83284856,-0.04,-0.37388134,-0.04,-0.19086312,-2.44720497,-0.83256889,-0.48420646,-0.42874532,-0.53857546,-0.00108457,0.0,0.0,-1.0,-1.0,-0.81503462,-1.0,0.26666667,1.83227348,-0.81598943,0.0,1.0,0.93640028,-0.71343992,0.94470589,0.77261857,-1.0,0.69200653,0.05555556,,0.0,-0.375,-0.02241436,0.0,0.05444646
000839.XSHE,0.42773246,-0.82724303,0.22488603,-0.55555556,-0.2413536,-0.21715327,-0.63333333,-0.67345598,-0.4,0.07905913,0.58454671,-0.4,-0.61805101,-0.20164232,-1.96064392,-0.56899935,-0.80827633,-0.83191629,-1.51388435,-0.09684022,-1.0,-0.04655996,-0.39,-1.49,0.01339432,-0.57741459,-1.0,-0.00056087,1.19085845,0.0595565,-0.34709522,0.00648661,0.02577488,0.0029431,0.0,3.30527829,0.47360702,-0.91493364,-1.25478677,-0.34410527,-0.11432997,0.28629032,0.125,-0.7451401,,-0.4,-0.34032954,-0.4,-0.81605791,-0.4,0.06327344,-0.84954751,-0.60525551,-0.80702535,-0.68017137,-0.13184143,-0.00069132,0.0,-1.0,-1.0,0.0,-0.99373558,-1.0,0.25,0.83183049,-0.81103403,-1.0,0.0,0.15428636,-0.57166997,0.94568942,0.98488773,-1.0,0.10114192,0.08333333,-0.63295269,0.0,-1.0,0.67185378,-1.0,0.60781476
000858.XSHE,0.24665579,0.27160441,0.44101925,-0.44444444,-0.15473166,0.24454318,-1.0,-0.33804205,0.87,0.94707612,0.02460599,-0.87,-0.25833878,0.01161821,-1.56537906,-0.27272727,-0.00124164,-0.70568999,1.88108461,-0.00232383,-1.0,-0.74125545,0.7,0.02,0.99052597,-0.28867513,1.0,0.00026283,1.05799476,0.0580719,-0.59211501,0.00712656,0.36606852,0.71092217,0.01171875,3.88646366,1.12522786,-0.36824198,-1.45491102,-0.25080845,0.10779359,0.84741235,0.15,-0.28038819,,0.87,-0.92752203,0.87,-0.56687687,0.87,0.07785691,2.88484848,-0.26285673,-0.20321385,-0.0026084,1.07611025,0.00030476,0.0,0.0,-1.0,-1.0,-1.09446093,0.0,0.66666667,0.87919741,-0.96927651,0.0,0.0,0.64718791,5.09304053,0.64573804,0.68592995,-1.0,0.38694943,0.11111111,-0.96564139,1.0,-1.0,-0.27125864,-1.0,-0.29976941
000876.XSHE,0.42773246,-0.31014842,0.34276531,-0.55555556,-0.24280215,-0.46612961,-0.24166667,-0.37253614,-0.07,0.19895459,0.96473836,-0.07,-0.59090909,-0.33982253,-2.09239398,-0.56017005,-0.7108852,-0.63897973,-1.50996406,-0.07405321,1.0,-0.0076108,-0.09,-0.52,0.11107481,-0.97991187,1.0,0.00025565,1.50294889,0.06571201,-0.27963845,0.00507623,0.15008157,0.03695226,0.0,1.94615622,0.55647312,-0.79823136,-0.89706718,-0.09037094,-0.00175341,1.17402945,0.75,-0.93080734,,-0.07,-0.27528416,-0.07,-0.63803883,-0.07,0.00477622,1.41666667,-0.36389297,-0.94990284,-0.60214087,0.03200522,0.00045627,1.0,-1.0,-1.0,0.0,-0.99488955,0.0,0.25,1.3066662,-0.60984473,0.0,0.0,0.54771174,0.09400701,0.98760363,0.8611294,0.0,0.9360522,0.27777778,-0.33507341,0.0,-1.0,0.41333855,-1.0,0.31055901
000895.XSHE,0.24665579,0.63066652,-0.41560329,-0.44444444,-0.21642105,0.02399189,-1.0,-0.71977661,0.28,0.72525319,0.09148888,-0.28,-0.45094833,0.00462229,-1.25810968,-0.22400262,-0.00606169,-0.3410726,1.58216269,-0.72151186,-1.0,0.0309249,0.0,-1.48,0.83665469,0.21472438,-1.0,-0.00021339,1.36074705,0.04746283,0.28402788,0.00633439,0.65872757,0.25310661,0.05273438,2.4951741,1.05990605,-0.13023102,-1.17443159,-0.03204225,0.0534355,0.86585366,0.0375,0.46156917,,0.28,-0.47685729,0.28,-0.85115512,0.28,0.00864423,3.91666667,-0.10638557,0.46400564,-0.00400695,0.47201179,-0.0002071,0.0,-1.0,-1.0,-1.0,-1.23277283,-1.0,0.5,0.13407798,-0.75355137,0.0,1.0,0.15071224,0.28602928,0.96331063,0.93430758,0.0,0.84632953,0.33333333,-0.44632953,0.0,-0.875,-0.28642512,0.0,-0.90024331
000917.XSHE,0.24665579,-0.13596131,0.39632135,-0.88888889,-0.28876922,-0.06338885,-1.0,-0.5890276,0.18,0.60535773,0.22229939,-0.18,-0.27043819,-0.02392659,-1.65982327,-0.25114454,-0.05877877,-0.63374755,-1.06370467,-0.15379692,-1.0,0.24579972,0.0,-0.39,0.66024175,-0.95257934,1.0,-4.46e-06,1.22332896,0.06252592,-0.16701198,0.00740208,0.59771615,0.2851537,0.16992188,2.91760339,1.41966416,-0.2719096,-0.6288064,-0.14684314,-0.00990412,1.58813109,0.375,0.33120384,,0.18,-0.45500793,0.18,-0.39595088,0.18,-0.00154198,6.66666667,-0.10789355,0.07284022,-0.12520319,0.56288711,0.00031294,1.0,0.0,-1.0,0.0,-0.98549291,-1.0,0.93333333,0.76572502,-0.67492567,0.0,0.0,0.95204354,0.25057777,1.00316582,0.81513155,0.0,0.5,0.16666667,-0.55954323,1.0,-0.61538462,-0.60840416,0.0,-0.7960199
000938.XSHE,0.03115824,-0.66165817,-0.72940375,-0.33333333,-0.03650732,-0.26827853,-1.0,-0.83409987,0.75,0.93286508,0.61090641,0.75,-0.25343362,-0.19822021,-0.85374879,-0.23806409,-0.0281751,-0.13636364,1.31329631,-0.13604276,-1.0,0.61354913,0.0,-4.8,0.9232277,-0.86752762,1.0,-0.00012528,0.89665793,0.12897558,0.08432427,0.00684343,0.55856444,0.95618051,0.13964844,3.20273955,1.68771271,-0.21583632,-0.86849792,-0.63310389,0.10600878,0.98226238,0.225,-0.42350594,,0.75,-0.91979236,0.75,-0.50813143,0.75,0.15137014,21.05,-0.03483129,0.05987026,-0.00179675,1.84017747,-0.00016945,0.0,0.0,-1.0,-1.0,-1.03907023,0.0,0.93333333,0.2786982,-0.90716881,-1.0,0.0,0.29534271,4.18011146,1.39380394,0.80941952,0.0,0.4766721,0.16666667,-0.86818923,0.0,-1.0,0.38482411,-1.0,-0.60926076
000959.XSHE,0.42773246,-0.69187279,-0.1614308,-0.77777778,-0.19772701,-0.24442077,-0.3,-0.33672799,-0.21,0.12430578,0.7992631,-0.21,-0.8557881,-0.21815274,-1.86443496,-0.70405494,-0.78613561,-0.62034009,-1.93074159,-0.1121043,1.0,-0.00818222,-0.14,-0.32,0.06991179,-1.0,1.0,0.0002881,1.35157274,0.06220996,1.65647061,0.00633212,0.05546493,0.02256377,0.00756836,1.62257891,0.36856318,-0.88705987,-1.67499746,-0.14285453,-0.06170653,1.30392157,0.35625,-0.89032389,,1.0,-0.35166942,-0.21,-0.77953274,-0.21,0.136377,-0.78333333,-0.56948936,-0.7333103,-0.40404757,0.02212662,-0.00065175,0.0,-1.0,-1.0,-1.0,-1.08061325,-1.0,1.0,0.46522113,-0.69838124,-1.0,0.0,0.58136474,0.26115015,0.91665328,0.71788833,0.0,0.20619902,0.5,-0.52854812,1.0,-0.875,-0.16073693,-1.0,0.61093248
000961.XSHE,-0.33017945,-0.87080708,-0.70102266,-0.11111111,-0.17011419,-0.7998252,0.375,-0.35413929,0.01,0.29369487,0.65920559,0.01,-0.27894048,-0.61690318,-0.79761826,-0.20928712,-0.22033198,-0.67560497,1.52825874,-0.07569021,1.0,0.11385273,0.0,-0.06,0.22770336,-0.93487536,-1.0,3.743e-05,1.53771298,0.13433592,0.04277134,0.0072596,0.25187602,0.70536298,0.28326416,3.44129206,0.64687195,-0.25115206,-0.24051285,-0.17821435,0.00255387,1.40366972,0.675,-0.07711714,,0.01,-0.21300228,0.01,-0.95637806,0.01,0.00781117,-1.16666667,-0.75608763,-0.68364118,-0.56911833,-0.06345348,-0.00110564,1.0,0.0,0.0,0.0,-0.87273327,0.0,0.5,17.27549033,-0.4375,-1.0,1.0,0.91743391,-0.04306068,1.01809691,0.95075442,-1.0,0.5,0.27777778,-0.05269168,1.0,-0.875,0.90336854,0.0,-0.12345679
000963.XSHE,-0.33017945,-0.36576555,-0.69757979,-0.11111111,-0.0017481,-0.05215949,-1.0,-0.17871222,0.65,0.91244691,0.5862718,0.65,-0.33093525,-0.03096756,-0.78851226,-0.27207325,-0.01839211,-0.3793329,1.78503757,-0.0124888,1.0,-0.67127532,0.0,1.03,0.91179353,0.04980119,1.0,0.00035402,1.3266055,0.1276472,2.87691942,0.00803668,0.52724307,0.98136037,0.09521484,3.75831784,1.4905006,-0.04329522,-1.2957617,-0.03244186,0.0010572,0.98742352,0.15,-0.54906202,,0.65,-0.07588578,0.65,-0.44884488,0.65,0.38698726,7.53571429,-0.11518441,0.01668684,-0.03003633,2.86199361,-0.00055548,1.0,0.0,-1.0,0.0,-0.38971316,0.0,0.26666667,5.25939023,-0.5625,0.0,1.0,0.81132734,1.69459251,1.91646473,0.97414243,0.0,0.55040783,1.0,-0.05269168,1.0,-0.5,0.47201237,0.0,-0.52205221
000977.XSHE,-0.11810767,-0.98743326,-0.82734066,-0.66666667,-0.36225713,-0.69839174,-0.75,-0.8304862,0.39,0.80741588,0.00967707,0.39,-0.84368869,-0.08512507,-1.91422213,-0.88325703,-0.07113964,-0.90745585,-1.21496243,-0.00063574,1.0,,0.35,-1.05,0.85070238,-0.93169499,-1.0,0.00048416,0.69469201,0.42407164,2.05140889,0.00734511,0.58515498,0.95912361,0.25488281,1.27253157,1.58892476,-0.24113788,-0.22944864,-0.85261382,0.04412323,1.02050473,0.3125,-0.78442856,,0.39,,0.39,-0.56564659,0.39,-0.00648285,,-0.0336405,-0.8096664,-0.00704802,0.12696568,0.00021924,0.0,0.0,0.0,-1.0,-0.32558523,0.0,1.0,0.63349112,-0.5625,-1.0,0.0,0.36146328,2.56328381,2.19378195,0.87878482,0.0,0.33637847,0.66666667,,0.0,-1.0,-0.49064391,-1.0,-0.74766355
000983.XSHE,0.03115824,0.27888526,-0.40094205,-0.55555556,-0.07807988,-0.3766489,-0.475,-0.0390933,-0.19,0.12822607,0.54396691,-0.19,-0.64682799,-0.27199678,-1.95663756,-0.67789405,-0.52602338,-0.7851537,-1.72623326,-0.00067892,1.0,0.00842512,-0.2,-3.27,0.01078079,-0.72222222,1.0,0.00052727,0.79007208,0.07020135,1.27419427,0.00613639,0.0502447,0.13930674,0.02197266,1.80155197,0.39160874,-0.71465352,-1.58530471,-0.52675392,0.01653395,1.40881057,0.35,-0.92390158,,1.0,0.11650801,1.0,-0.84501481,1.0,0.30901013,0.65257353,-0.336718,-0.45897331,-0.2795191,0.09961549,0.00035359,1.0,-1.0,0.0,-1.0,-1.06396307,-1.0,0.75,1.12703846,-0.84902544,0.0,0.0,0.93453472,0.82106489,0.80592745,0.69451056,0.0,,0.66666667,-0.71288744,0.0,-1.0,0.37604837,-1.0,0.33694344
001979.XSHE,-0.33017945,0.27791874,-0.33754234,-0.22222222,-0.03034971,-0.16293214,0.625,-0.32457293,0.45,0.8395949,0.96918111,0.45,-0.0412034,-0.04281506,-0.20872694,-0.02910399,-0.01124222,-0.37246566,1.77850376,-0.17415375,1.0,0.21838771,0.0,0.47,0.95753022,0.0,1.0,0.00032323,1.70609436,0.13112435,2.68832114,0.00708488,0.79477977,0.44604317,0.66650391,3.2919576,1.46080307,-0.01881102,-0.53180178,-0.04896536,0.06160259,0.9976884,0.75,0.79786265,,1.0,0.02047111,1.0,-0.39575737,1.0,0.00792878,10.59259259,-0.09335703,0.5876536,-0.00330298,0.70683166,-7.49e-06,1.0,0.0,-1.0,0.0,-0.89828553,0.0,1.0,52.90894283,-0.625,-1.0,1.0,0.96481152,2.05365241,3.54813389,0.99843084,0.0,0.88352365,0.94444444,-0.22954668,1.0,-1.0,0.66889004,0.0,-0.91476091
002007.XSHE,-0.33017945,0.72081904,-0.51973997,-0.44444444,-0.1084313,0.64783141,-1.0,-0.76412615,0.17,0.5886965,0.12648492,0.17,-0.35971223,0.40669888,-1.65389478,-0.37835186,-0.1652488,-0.01798561,-1.3309376,-0.33303169,-1.0,0.35454899,0.0,-0.09,0.76053577,-0.31807321,-1.0,1.104e-05,0.87791612,0.08760505,0.50046843,0.00656077,0.38531811,0.88718116,0.0769043,2.25849185,0.82063034,-0.20637386,-1.19129825,-0.10613007,0.0462923,0.79464627,0.15,-0.55016446,,-1.0,-0.41880621,0.17,-0.9957039,0.17,0.01148514,11.86524823,-0.07797905,-0.14513909,-0.08964365,0.81755526,-0.00011806,0.0,-1.0,-1.0,0.0,-0.38888889,0.0,1.0,1.77226464,-0.5156921,-1.0,0.0,0.35367685,1.27202571,1.01707086,0.75452892,0.0,0.5,0.80555556,-0.41533442,1.0,-1.0,0.63137243,-1.0,-0.54862843
002008.XSHE,-0.33017945,-0.29746026,0.34623121,-0.44444444,-0.00171488,0.56785152,0.6,-0.16885677,-0.67,0.04328651,1.24221892,-0.67,-0.41563113,0.54217541,-1.21215917,-0.32995422,-0.37764586,-0.94898627,1.85854296,-0.2987101,1.0,-0.35401274,0.0,0.16,0.01208755,-0.84016805,1.0,0.00034961,1.3233945,0.17255264,2.41990505,0.00745457,0.1132137,0.0353172,0.20709229,2.95547302,0.86399355,-0.37061913,-1.80918493,0.45600975,-0.15881909,0.897445,0.625,-0.32502145,,1.0,-0.56802348,1.0,-0.51102336,1.0,0.28752369,-0.19520265,-0.4195945,-0.53254942,-0.74431565,0.28466695,-0.00045139,0.0,-1.0,-1.0,0.0,-0.52044181,-1.0,0.75,0.96086885,-0.6875,0.0,1.0,0.58502479,3.42472915,2.60268371,0.34631398,0.0,0.57781403,0.16666667,-0.87357435,1.0,-0.875,-0.20000174,-1.0,0.44267877
002024.XSHE,0.24665579,-0.31612044,-0.77307265,-1.0,-0.33364626,-0.85616567,-0.98333333,-0.78843627,0.11,0.48317543,0.66196885,-0.11,-0.95618051,-0.27856242,-1.75766196,-0.94865925,-0.07739062,-0.91497711,-1.67396276,-0.12677476,-1.0,-0.0579253,-0.63,-2.17,0.88957857,-0.9732778,-1.0,0.00057547,0.26323722,0.11873875,1.26188331,0.00474144,0.41957586,0.41792021,0.08789063,1.96791284,0.57614497,-0.48468501,-1.18604378,-0.79861212,0.01571423,1.36692147,0.225,-0.90933711,,0.11,-0.21665098,0.11,-0.88943731,0.11,-0.05065992,-0.625,-0.20407849,-0.90573671,-0.01093288,0.11501894,0.0005108,1.0,0.0,-1.0,0.0,-1.95614903,0.0,1.0,0.92232373,-0.96200859,-1.0,1.0,0.41876499,2.89426144,0.85832476,0.92377909,0.0,0.10212072,0.05555556,-0.90375204,1.0,-1.0,0.80877367,-1.0,-0.2676399
002027.XSHE,-0.33017945,-0.66617336,-0.27171695,-0.22222222,-0.21670122,-0.19156016,-1.0,-0.30814717,0.01,0.26102581,0.01980227,-0.01,-0.77370831,-0.13902548,-1.28665632,-0.80542838,-0.14252792,-0.5441465,-1.28356746,-0.22259199,-1.0,-0.01295903,0.0,-1.14,0.26625286,-0.90703713,-1.0,0.00042301,1.08971166,0.27193733,0.20749092,0.00706353,0.33539967,0.39829954,0.13671875,1.25589689,0.68280185,-0.38604792,-1.21791614,-0.27130074,0.0153414,0.55403727,0.39375,-0.73445372,,0.01,-0.2594105,0.01,-0.80421191,0.01,-0.00618883,0.33928571,-0.60023063,-0.55667847,-0.12005587,-0.10098459,-0.00095209,1.0,0.0,-1.0,0.0,-0.756182,-1.0,1.0,0.29298437,-0.75,-1.0,0.0,0.88476414,-1.26106343,1.07401712,0.72318819,-1.0,0.5,0.77777778,-0.18531811,1.0,-0.5,-0.5023366,0.0,-0.41322314
002044.XSHE,0.24665579,0.85539254,-0.79473244,-0.22222222,-0.08053214,-0.34521682,-1.0,-0.59296978,0.19,0.61336165,0.3353718,0.19,-0.48005232,-0.1599399,-1.33766342,-0.67625899,-0.01682169,-0.50850229,1.66416204,-0.16888366,-1.0,-0.56103514,0.0,0.07,0.55145377,0.18463724,-1.0,0.00038976,1.93823722,0.04986322,0.28972955,0.0071563,0.45350734,0.42773054,0.16662598,4.11933732,1.0831635,-0.0500433,-0.89209998,-0.11608043,0.02607601,0.68520518,0.375,-0.85785803,,0.19,0.03288612,0.19,-0.85455742,0.19,0.00938909,1.66604128,-0.333627,0.03754355,-0.00309849,0.16622513,-0.00067683,1.0,0.0,-1.0,0.0,-0.95796241,-1.0,0.25,2.41440861,-0.5625,0.0,0.0,0.35621154,0.18987828,1.10604654,0.99674552,0.0,0.82610114,0.61111111,-0.05269168,1.0,-1.0,0.18018045,0.0,-0.3892944
002049.XSHE,-0.33017945,0.58500932,-0.21943287,-0.11111111,-0.0040131,0.62773221,0.86666667,-0.96024967,0.71,0.92812806,1.29157421,0.71,-0.20274689,0.29288685,-2.03960416,-0.53172008,-0.00940622,-0.03956835,1.06043777,-0.14882635,1.0,-0.2628827,0.0,0.0,0.93466188,-0.84016805,1.0,-3.401e-05,1.55183486,0.17331191,2.86716426,0.00756417,0.91060359,0.76586004,0.64599609,2.85325205,1.87744661,-0.00821116,-0.73013748,-0.30261137,-0.03960603,1.20162933,0.24038462,-0.5997215,,-1.0,0.10808913,0.71,-0.9322934,0.71,-0.00714015,31.875,-0.03511676,-0.06960187,-0.02634155,9.08130183,1.356e-05,0.0,-1.0,0.0,-1.0,-0.58704253,0.0,0.75,0.3744395,-0.625,-1.0,0.0,0.97288647,1.48338868,10.97814838,0.44862067,0.0,,0.16666667,,0.0,-0.25,-0.65888842,-1.0,-0.72653885
002065.XSHE,0.03115824,-0.7753489,0.11964566,-0.44444444,-0.2467979,0.38439324,-1.0,-0.52858081,0.24,0.68523358,0.48815458,0.24,-0.62426422,0.18413595,-1.7465353,-0.59450621,-0.09285358,-0.37802485,-1.49526299,-0.01937478,-1.0,-0.05417008,0.0,-0.29,0.80431232,-0.69436507,1.0,-0.00029878,1.20612713,0.15814372,0.12635078,0.00610608,0.7040783,0.81066056,0.17089844,3.2534221,1.34340523,-0.12376689,-1.28445542,-0.09636783,0.04528087,1.59475219,0.20625,-0.15789791,,0.24,-0.44060937,0.24,-0.47157964,0.24,0.00397517,,0.0,0.24485259,-0.00805787,0.25850059,0.0002938,1.0,-1.0,0.0,-1.0,-0.94757666,-1.0,0.75,0.76640473,-0.60257681,-1.0,1.0,0.76075257,1.64911526,1.06840499,0.56194888,-1.0,0.4675367,0.16666667,-0.46818923,1.0,-1.0,-0.0190864,0.0,-0.78838174
002074.XSHE,0.24665579,-0.81693804,0.19521609,-0.88888889,-0.01430304,-0.14870424,-1.0,-0.86892247,1.18,0.96847435,0.02832091,-1.18,-0.82962721,-0.00292341,-0.82022628,-0.74002616,-0.00890198,-0.12164814,-1.50800392,-0.05334722,-1.0,-0.16981211,-0.11,-8.95,0.99248612,-0.978076,-1.0,0.0008733,0.83342071,0.0760154,1.55458883,0.00614946,0.96639478,0.83714846,0.12634277,3.40044881,1.12655227,-0.02291621,-1.15844367,-0.47254345,-0.01857275,1.07780157,0.1125,-0.53038205,,-1.0,-0.89288761,1.18,-0.85822868,1.18,-0.09124469,37.24566474,-0.03124337,-0.75399992,-0.01590143,0.79141015,0.00036928,0.0,0.0,-1.0,-1.0,-1.97296406,0.0,0.25,1.09414792,-0.97951767,0.0,1.0,0.86258035,10.63724515,0.57366484,0.980637,0.0,0.22446982,0.27777778,,1.0,-0.125,0.04576427,-1.0,-0.85009734
002081.XSHE,0.24665579,-0.40804272,0.2905565,-0.33333333,-0.38968962,-0.6234974,-0.075,-0.32917214,0.13,0.50882065,0.72169444,0.13,-0.59058208,-0.0855981,-1.57165296,-0.41922825,-0.24311119,-0.62328319,-1.64684744,-0.23001077,1.0,-0.04188189,-0.05,-1.3,0.70107808,-0.99380799,1.0,0.00011121,1.4757536,0.06672951,-0.34687804,0.00628466,0.49853181,0.39175932,0.0,3.88500967,0.91793727,-0.33889544,-1.23972515,-0.23730572,0.02623088,0.93063584,0.85,-0.61722798,,0.13,-0.14050625,0.13,-0.74366568,0.13,0.0163476,1.38311688,-0.36233706,-0.43243388,-0.0757442,0.11572724,0.0002153,0.0,0.0,-1.0,0.0,-0.78750412,0.0,0.93333333,1.31264527,-0.67888999,0.0,0.0,0.35109448,0.29775418,0.9759169,0.96224987,0.0,0.80391517,0.19444444,-0.55073409,0.0,-0.875,0.39148067,-1.0,-0.3163017
002131.XSHE,-0.33017945,0.01275843,-0.32231721,-0.11111111,-0.20006014,0.34546975,-1.0,-0.30321945,0.03,0.32195361,0.07470982,0.03,-0.25147155,0.15768,-1.41395112,-0.19980379,-0.08062786,-0.23283192,1.04442992,-0.03406291,-1.0,0.05215827,0.0,-0.02,0.38810846,-0.36214298,1.0,-0.00029246,1.08365007,0.17179737,2.12606966,0.00744209,0.4411093,0.3381295,0.20141602,2.74484085,0.94342158,-0.13300789,-0.67151708,-0.00139327,0.00893877,46.4,0.16875,0.23272003,,0.03,-0.28621756,0.03,-0.52277228,0.03,0.0,0.0,-0.20996485,-0.4912016,-0.20036157,0.10833227,-3.975e-05,0.0,0.0,-1.0,0.0,-0.64721398,0.0,0.26666667,2.45021227,-0.38751239,-1.0,1.0,0.49859692,0.07997273,1.01157375,0.90662945,-1.0,0.39412724,0.16666667,-0.12267537,1.0,-0.5,0.53849444,0.0,-0.58823529
002142.XSHE,0.42773246,-0.21830785,-0.49316415,-0.66666667,-0.17074043,-0.57817006,-1.0,-0.07785808,-0.03,0.23276707,0.81342607,0.03,-0.30902551,-0.30310357,-0.72645804,-0.43263571,-0.19280673,-0.68345324,-1.79908527,-0.07385798,-1.0,0.01208037,-0.51,-0.24,0.09278014,-0.78727962,1.0,-0.00031167,1.05638925,0.04426698,1.7297493,0.00665242,0.14323002,0.06605625,0.06744385,3.0032962,0.15199554,-0.71531883,-1.39384868,-0.31038519,-0.02088458,0.99105734,0.2625,-0.68607609,,1.0,-0.54992433,1.0,-0.81778958,1.0,0.04268148,1.79150579,-0.30749904,-0.07747621,-0.23986349,0.14383993,-0.0001417,1.0,-1.0,0.0,0.0,-1.50609957,-1.0,0.5,1.43331156,-0.82061447,-1.0,1.0,0.88125578,1.46827544,0.82356423,0.65782239,-1.0,0.38205546,0.13888889,-0.62414356,0.0,-1.0,-0.08258409,-1.0,0.24943311
002146.XSHE,0.24665579,-0.49238762,-0.36325582,-1.0,-0.36557438,-0.55002882,-0.64166667,-0.60052562,0.28,0.72084286,0.68653265,-0.28,-0.8263571,-0.03514273,-1.78440506,-0.8086985,-0.03463299,-0.71517332,-1.88565828,-0.15322601,-1.0,-0.25560937,-0.35,-0.47,0.94348252,-0.86258195,-1.0,0.00056332,1.16186107,0.10118208,1.16382957,0.00617439,0.81794454,0.23119686,0.05487061,3.44955725,1.66025049,-0.15221288,-0.81237868,-0.61289315,0.00205554,1.49419569,0.7,-0.83241238,,0.28,-0.10523582,0.28,-0.72194801,0.28,-0.44692845,2.26036866,-0.33535027,-0.35934396,-0.0117773,0.09667061,0.00047897,1.0,-1.0,-1.0,-1.0,-1.02884932,0.0,,0.15085623,-0.90023125,-1.0,0.0,0.30753507,1.71004394,0.81995925,0.9924893,0.0,0.05546493,0.38888889,-0.93995939,0.0,-0.75,0.33368852,-1.0,-0.55201699
002152.XSHE,0.24665579,-0.14374685,0.22605239,-1.0,-0.38269554,-0.33509119,-0.73333333,-0.48817346,0.01,0.28650768,0.81312127,0.01,-0.61052976,-0.26504264,-2.30087512,-0.59810334,-0.36023379,-0.77174624,-1.22410977,-0.08150227,-1.0,-0.02492071,-0.19,-0.57,0.27017315,-0.69102332,1.0,-3.02e-06,1.34125164,0.07036635,-0.42142318,0.00722733,0.20750408,0.43165468,0.02929688,2.99239008,1.00106399,-0.66167672,-1.03788454,-0.23296391,-0.0020078,1.59253945,0.225,-0.50259557,,0.01,-0.39052665,0.01,-0.42582144,0.01,-0.0081542,-0.625,-0.34568694,-0.35885301,-0.58893034,0.1264356,0.00014562,1.0,-1.0,0.0,-1.0,-1.33399275,-1.0,0.6,0.50902002,-0.71787248,0.0,0.0,0.42990009,0.3494946,0.99822932,0.24803673,-1.0,0.27471452,0.05555556,-0.52365416,1.0,-0.75,-0.31751746,0.0,0.04329004
002153.XSHE,-0.33017945,0.28076983,-0.24300228,-0.55555556,-0.06615681,0.36438373,-1.0,-0.21123522,0.43,0.82734401,0.28336933,-0.43,-0.78449967,0.28630151,-1.96815979,-0.72563767,-0.02912445,-0.09744931,-1.32734401,-0.21961411,-1.0,-0.03997968,-0.23,-1.62,0.87324404,-0.94368503,1.0,-8.232e-05,0.51585845,0.1259884,0.33904882,0.00701768,0.72903752,0.81556573,0.10620117,2.16289027,1.4185357,-0.11333939,-0.67368148,-0.3266653,0.02327281,1.19266837,0.15,-0.8791011,,0.43,-0.66865984,0.43,-0.25181518,0.43,0.02391898,,0.0,-0.66970823,-0.02966236,1.00199393,-0.00021484,0.0,0.0,-1.0,0.0,-1.40586878,0.0,0.8,0.85096327,-0.70796168,0.0,0.0,0.67218968,1.53779621,1.14255333,0.82179471,0.0,,0.83333333,,0.0,,0.65271931,-1.0,-0.63675832
002174.XSHE,-0.33017945,-0.44798962,-0.10132852,-0.33333333,-0.04766333,0.05215324,0.01666667,-0.58968463,0.92,0.02515518,1.33715381,-0.92,-0.6854153,0.0147984,-1.10929737,-0.6324395,-0.0225623,-0.25212557,1.50049004,-0.01515137,1.0,0.08581482,0.0,1.33,0.96667756,-0.76376262,1.0,0.00017219,0.80104849,0.27159707,0.17380579,0.00623463,0.92267537,0.95650752,0.3081665,2.1322949,1.04260838,-0.02605675,-0.11364367,-0.58202032,0.13273781,1.08170181,0.65625,-0.38498931,,0.92,-0.37910054,0.92,-0.85960836,0.92,0.00837765,17.27777778,-0.0506864,-0.29875398,-0.01139458,1.35099245,-1.483e-05,0.0,-1.0,0.0,-1.0,-1.00379163,0.0,1.0,1.59236177,-0.75,0.0,0.0,0.6522632,4.34080284,1.64019176,0.92753237,0.0,0.27895595,0.5,-0.79641109,0.0,-1.0,-0.80909917,-1.0,-0.79930495
002183.XSHE,0.24665579,0.0125456,0.52049668,-0.77777778,-0.33648832,0.2392485,-1.0,-0.5151117,0.15,0.54933028,0.1620631,-0.15,-0.68116416,0.13702699,-2.04784428,-0.64486593,-0.0619282,-0.24722041,-1.07709899,-0.31744689,-1.0,-0.17685463,0.0,-0.25,0.67167592,-0.94324222,-1.0,8.61e-05,1.41235256,0.06409798,1.97506988,0.00733234,0.691354,0.31883584,0.13806152,2.48392985,1.26801178,-0.20866969,-0.64625939,-0.10604279,0.01104057,2.07703488,0.2,-0.59335476,,0.15,-0.45170954,0.15,-0.90165017,0.15,0.00085201,10.0,-0.06852853,-0.16093638,-0.07416571,0.1417232,0.00039466,1.0,0.0,-1.0,-1.0,-0.70309924,-1.0,0.5,0.89067825,-0.61744301,0.0,1.0,0.21086976,0.34280817,1.02328144,0.9126694,0.0,0.51256117,0.16666667,-0.63605637,0.0,-0.75,0.58573817,-1.0,-0.93167702
002195.XSHE,0.03115824,-0.92087116,-0.71982331,-0.88888889,-0.84630611,-0.76875102,-0.96666667,-0.76839685,0.02,0.30235217,0.00297835,0.02,-0.17985612,-0.05541456,-1.28907295,-0.21157619,-0.05723535,-0.911707,-1.63247305,-0.08799628,1.0,-0.00653237,0.31,-2.02,0.50049004,-0.968822,-1.0,0.00043006,0.69354522,0.37151396,1.26564419,0.00530155,0.32104405,0.62753434,0.07324219,3.38450638,0.40795296,-0.51095764,-0.11347026,-0.77398463,0.03852634,0.29090909,0.3,-0.03124317,,0.02,-0.65983256,0.02,-0.82608696,0.02,-0.05679713,-1.77884615,-0.76225185,-0.86084447,-0.44574219,-0.14388052,-0.00088734,1.0,0.0,-1.0,-1.0,-1.59545005,0.0,0.75,1.04363748,-0.91774034,0.0,1.0,0.83773075,-2.67519333,0.83183887,0.96951737,-1.0,0.01990212,0.08333333,-0.85318108,0.0,-1.0,0.37048285,-1.0,-0.11396011
002202.XSHE,0.03115824,-0.62872742,0.36322187,-1.0,-0.53970764,-0.01444485,-1.0,-0.5565046,0.03,0.32718066,0.10329356,0.03,-0.72204055,-0.00377213,-1.07202421,-0.68083715,-0.2669046,-0.76226292,-1.57040183,-0.23508159,-1.0,-0.14611549,-0.01,-1.02,0.30806926,-0.67445327,1.0,-0.00038577,1.09865662,0.1421467,-0.45815037,0.00632485,0.28352365,0.71157619,0.07324219,3.37865604,0.95337457,-0.53918056,-0.73010813,-0.19459555,0.01463192,0.47042565,0.275,-0.47684687,,0.03,-0.67622828,0.03,-0.67905742,0.03,0.04199412,-13.66666667,-0.2345949,-0.50870454,-0.24241554,0.13445842,-4.28e-06,0.0,-1.0,-1.0,-1.0,-0.94510386,-1.0,0.75,0.26752892,-0.8427486,0.0,1.0,0.79634771,0.80677704,0.97318075,0.49813785,0.0,0.89200653,0.36111111,-0.78982105,1.0,-0.5,-0.60403291,-1.0,-0.38167939
002230.XSHE,-0.33017945,0.3358555,0.23163598,-1.0,-0.01669398,0.47369965,-1.0,-0.23718791,0.56,0.8868017,0.01828191,-0.56,-0.27992152,0.43458683,-1.75596678,-0.20732505,-0.00124729,-0.81066056,-1.86148318,-0.10728926,-1.0,0.92486436,-0.95,-0.74,0.99934662,-0.95257934,1.0,0.00015436,1.01523591,0.15158165,1.07071053,0.0062692,0.79641109,0.88783519,0.03955078,2.23008283,0.98291421,-0.15338546,-0.32408117,-0.14990899,0.0245156,1.01824941,0.13125,0.31155377,,-1.0,-0.96051471,0.56,-0.54629937,0.56,-0.07167854,8.7610926,-0.11385758,-0.61802186,-0.02939767,0.87924306,0.0002355,0.0,0.0,-1.0,-1.0,-1.14358721,-1.0,,1.54222162,-0.98050875,0.0,1.0,0.97335117,15.28306069,1.16694939,0.84120403,0.0,,0.5,,0.0,,0.24691319,0.0,-0.59326563
002236.XSHE,-0.11810767,0.30454232,-0.68979976,-0.55555556,-0.04362169,-0.55248875,-1.0,-0.05683311,0.06,0.37259066,0.01177883,-0.06,-0.30085023,-0.07023776,-2.22942613,-0.65042511,-0.01809784,-0.35513407,1.88402483,-0.0125458,-1.0,-0.07061183,0.0,0.51,0.61907873,-0.67790768,-1.0,0.00020493,1.88859764,0.18926573,0.53628369,0.00750905,0.17487765,0.71223022,0.01464844,1.60440878,0.3121558,-0.19633019,-0.13589687,-0.58011652,0.03120543,0.15195072,0.05,-0.87061674,,1.0,-0.53485969,1.0,-0.90978189,1.0,-0.0763868,-3.37662338,-0.51401693,-0.54952892,-0.20888477,-0.05543745,-0.00099252,0.0,-1.0,0.0,0.0,-0.9223541,0.0,0.5,0.68622688,-0.75,-1.0,1.0,0.3517302,-1.34121909,0.68425543,0.63870694,0.0,0.36313214,0.33333333,-0.32528548,1.0,-0.75,0.70005658,0.0,0.21377672
002241.XSHE,0.42773246,0.57921726,-0.49673197,-0.77777778,-0.10263188,-0.02477393,-0.05,-0.51248357,-0.02,0.24273113,1.54791615,-0.02,-0.46010464,-0.02037436,-1.23699612,-0.51863963,-0.56854579,-0.117724,-1.82032016,-0.69407422,1.0,-0.1174422,-0.36,-0.17,0.08755309,-0.53452248,1.0,-0.00028439,0.95989515,0.00702271,-0.71303934,0.00710296,0.41435563,0.63734467,0.04443359,2.74395584,0.77366442,-0.48904173,-1.42641481,-0.2510986,0.02573376,1.21038126,0.74375,-0.39234005,,-0.02,-0.54267226,-0.02,-0.29779533,-0.02,0.100869,8.68509985,-0.10600627,-0.09278869,-0.79634346,1.63655683,-1.653e-05,1.0,-1.0,-1.0,0.0,-0.92334322,-1.0,0.6,4.49004759,-0.88536505,0.0,0.0,0.73933275,3.39194548,0.99844198,0.8590411,0.0,0.25840131,0.13888889,-0.8887552,1.0,-0.75,0.22604408,-1.0,-0.24602026
002252.XSHE,,,,,,,,,,,,,,,,,,,,,,,,,,,,,,,,,,,,,,,,,,,,,,,,,,,,,,,,,,,,,,,,,,,,,,,,,,,,,,,,,
002292.XSHE,-0.33017945,0.1581506,-0.16872251,-0.55555556,-0.20363213,-0.00871603,-1.0,-0.68068331,0.23,0.67200261,0.09757876,0.23,-0.91301504,-0.00719101,-1.90739122,-0.91824722,-0.10084994,-0.56082407,-1.00490036,-0.21325802,-1.0,-0.08104643,0.0,-0.63,0.77033649,-0.96428571,-1.0,-7.644e-05,0.70884666,0.16098187,0.20824134,0.0076204,0.64502447,0.84009156,0.06921387,2.14989956,1.62052044,-0.17359362,-0.545282,-0.46164938,0.02478447,1.24522673,0.3375,-0.9455895,,-1.0,-0.37774077,0.23,-0.86790574,0.23,-0.00238353,12.75,-0.06399934,-0.564164,-0.02643408,1.418231,-4.881e-05,0.0,-1.0,-1.0,-1.0,-1.63435542,0.0,1.0,0.80074272,-0.625,-1.0,0.0,0.10158933,0.91842195,1.03178355,0.73030335,0.0,0.40783034,0.16666667,-0.76335313,0.0,-0.84615385,0.05481196,-1.0,-0.70381232
002299.XSHE,0.24665579,-0.14469513,-0.56346783,-1.0,-0.04898403,-0.66923413,-0.83333333,-0.63272011,0.41,0.81558314,0.87212096,-0.41,-0.92740353,-0.43000267,-1.61640039,-0.91007194,-0.02478703,-0.25572269,-1.13982359,-0.9358202,-1.0,-0.19800804,-0.82,-5.53,0.94544267,-0.79056942,-1.0,0.00073076,1.04193971,0.08454712,1.06195767,0.00676299,0.98988581,0.64944408,0.09887695,3.0377954,1.93319418,-0.00871344,-0.5288034,-0.78286612,-0.01421954,1.39120038,0.31875,-0.82072847,,0.41,-0.47624671,0.41,-0.84884488,0.41,-0.00178765,17.21428571,-0.05411692,-0.59050236,-0.03837553,0.46854888,0.00041789,1.0,0.0,-1.0,0.0,-1.29475767,0.0,0.5,1.15554325,-0.96630327,0.0,0.0,0.51783234,6.47201177,0.83358367,0.93722977,0.0,0.07862969,0.5,-0.9700238,0.0,-1.0,0.50348281,-1.0,-0.94580234
002304.XSHE,-0.11810767,-0.56924437,-0.13840671,-0.44444444,-0.0064447,-0.22696784,-1.0,-0.79073587,2.47,0.99346619,0.09907647,2.47,-0.3999346,-0.00342088,-2.76186945,-0.29888816,-0.00274093,-0.25408764,1.75106174,-0.00034471,-1.0,-0.41487582,2.54,3.2,0.99085266,-0.97916667,-1.0,0.00119277,1.07224771,0.34849923,2.00198527,0.00789016,0.79575856,0.91530412,0.18920898,3.04101759,1.654021,-0.09994784,-0.0648754,-0.69614786,0.47953897,0.99770642,0.6,-0.85124593,,-1.0,-0.94688949,2.47,-0.71898651,2.47,-0.85397779,149.71875,-0.0074205,-0.48086052,-0.00306519,1.20519361,-0.0001653,0.0,-1.0,0.0,-1.0,-1.30893505,0.0,0.5,1.10208757,-0.97324083,-1.0,0.0,0.68929712,8.17089062,0.36272701,0.81906531,0.0,0.40195759,0.91666667,-0.97324633,0.0,-0.625,0.29214162,-1.0,-0.66203244
002310.XSHE,-0.33017945,0.00475502,-0.13989509,-0.11111111,-0.01403713,0.43309872,0.81666667,-0.20926413,0.53,0.87683763,1.4008611,0.53,-0.04054938,0.15183999,-1.10511418,-0.05657292,-0.0127858,-0.24754742,1.84122836,-0.00435388,1.0,0.53997661,0.0,0.44,0.95851029,-0.68640647,1.0,1.64e-06,1.9490498,0.04480871,2.65420992,0.00674984,0.84632953,0.46402878,0.71411133,2.5174719,1.05210126,-0.01409334,-1.11379224,0.00106716,0.09032766,1.26834274,0.75,0.55030463,,1.0,0.27524426,1.0,-0.69108911,1.0,0.43132963,52.75,-0.01920603,-0.00289163,-0.01038153,0.28768454,4.625e-05,1.0,0.0,0.0,0.0,-0.56791955,0.0,1.0,43.03835983,-0.625,0.0,1.0,0.96241517,2.92138719,8.90741931,0.99687472,0.0,0.91973899,1.0,,1.0,-0.125,-0.05184499,0.0,-0.7106599
002352.XSHE,-0.33017945,-0.2284321,-0.49892052,-0.22222222,-0.08193693,-0.04429748,-1.0,-0.36169514,0.39,0.8049657,0.5178033,0.39,-0.31948986,-0.02748998,-1.81499326,-0.30510137,-0.01160675,-0.4381949,1.72525319,-0.15830497,-1.0,0.21795408,0.0,0.35,0.71283894,-0.16666667,1.0,-0.00026731,1.32201835,0.12610107,2.68752677,0.00647561,0.39445351,0.38064094,0.19775391,1.10806059,1.41633663,-0.05544774,-1.1216974,-0.04797359,0.15069716,0.58257345,0.375,-0.59748702,,0.39,-0.06398966,0.39,-0.50279697,0.39,0.52291408,38.2,-0.02125892,-0.22035804,-0.00821583,0.33080857,-0.00058645,1.0,0.0,-1.0,0.0,-1.11144082,0.0,1.0,18.3140533,-0.34985134,0.0,1.0,0.90182294,0.09805342,1.19525898,0.99522638,0.0,0.60065253,0.83333333,-0.1177814,1.0,-0.125,0.54305474,0.0,-0.81466395
002385.XSHE,-0.11810767,-0.67437053,-0.49793364,-0.44444444,-0.22310473,0.15659044,-1.0,-0.33738502,0.04,0.33894152,0.08889895,-0.04,-0.3381295,0.03873715,-0.78681522,-0.34892086,-0.08454957,-0.50555919,1.22737667,-0.11962012,-1.0,0.18904696,0.0,-0.29,0.30872264,-0.06019293,-1.0,-0.00033781,1.45153997,0.16643401,0.19292668,0.00731638,0.39657423,0.55362982,0.08239746,3.6286664,1.19190668,-0.25223637,-0.61328592,-0.00541012,0.00201326,2.66883117,0.125,0.39008829,,0.04,-0.32272415,0.04,-0.58911384,0.04,0.00964391,-3.0,-0.17365675,0.42472934,-0.00063011,0.04334657,-0.00026643,0.0,0.0,-1.0,0.0,-0.6834817,-1.0,0.5,2.54764972,-0.52262967,-1.0,1.0,0.61931709,0.02562523,0.9898355,0.90879552,0.0,0.82251223,0.16666667,-0.43124313,1.0,-1.0,0.61173115,0.0,-0.81967213
002411.XSHE,0.24665579,-0.47175139,-0.39627602,-0.66666667,-0.47062669,-0.38886738,-1.0,-0.32522996,0.16,0.56550147,0.45244898,-0.16,-0.40974493,-0.20959595,-1.72846753,-0.46272073,-0.07754911,-0.71615435,-1.78013721,-0.18548915,-1.0,-0.29360414,0.0,-5.76,0.3936622,-0.80403025,-1.0,-5.737e-05,0.81235256,0.04002316,0.09351665,0.00607969,0.34225122,0.61314585,0.0769043,1.58269426,0.95013598,-0.38207,-1.52624879,-0.23709838,0.05803812,0.274395,0.03125,-0.85493359,,0.16,-0.57795141,0.16,-0.65478548,0.16,-0.0126756,1.425,-0.28421459,-0.40227967,-0.02347306,0.11941576,-0.00091421,1.0,0.0,0.0,-1.0,-1.1834817,0.0,0.53333333,1.04952411,-0.79980178,0.0,1.0,0.74849375,0.05052048,1.0,0.81894521,-1.0,0.5,0.5,,0.0,-0.5,-0.23575568,0.0,-0.54982818
002415.XSHE,0.03115824,0.25799188,-0.82482817,-0.33333333,-0.02075509,-0.54984348,-1.0,-0.12286465,0.08,0.41342698,0.67396053,-0.08,-0.20078483,-0.38752075,-2.40859041,-0.24656638,-0.0409972,-0.55035971,1.90264619,-0.0553749,-1.0,-0.09030864,0.0,0.25,0.85854296,-1.0,-1.0,-0.00012952,1.42732634,0.09605919,0.13944278,0.00771782,0.27243067,0.36134729,0.03112793,3.80861026,0.97280728,-0.06661492,-1.61818499,-0.59855663,0.07813103,0.60263653,0.175,-0.97160715,,0.08,-0.05138447,0.08,-0.86105611,0.08,0.15875074,2.14285714,-0.25339438,-0.58638081,-0.01856437,0.30032085,-5.049e-05,0.0,0.0,-1.0,0.0,-1.05670953,0.0,,5.42084351,-0.5,-1.0,1.0,0.67778583,2.12208469,1.20189229,0.96754432,0.0,0.63360522,0.47222222,-0.14388254,0.0,-0.625,0.6463034,-1.0,-0.13311148
002424.XSHE,0.03115824,-0.32284052,-0.40320602,-0.44444444,-0.22156325,-0.49044347,-1.0,-0.66622865,0.33,0.76380268,0.68691712,-0.33,-0.93132767,-0.07167031,-2.06218703,-0.91792021,-0.18843668,-0.34205363,1.47337471,-0.18995867,-1.0,-0.62259608,0.0,-1.27,0.73374714,-0.9701425,-1.0,-0.00013797,1.29996723,0.15858817,0.0936945,0.00733822,0.72903752,0.93001962,0.18457031,3.50844765,1.72744148,-0.18321948,-0.25313061,-0.39369478,0.03617849,1.08475426,0.4,-0.923065,,0.33,-0.55899432,0.33,-0.86475814,0.33,0.0,,0.0,-0.67790153,-0.0198928,0.58875496,6.024e-05,0.0,-1.0,-1.0,0.0,-1.28865809,0.0,0.75,2.66226521,-0.82325735,-1.0,0.0,0.12280577,2.34918898,0.92141131,0.94627842,0.0,0.79412724,0.5,-0.55986949,0.0,-1.0,-0.06306508,-1.0,-0.96866097
002426.XSHE,,,,,,,,,,,,,,,,,,,,,,,,,,,,,,,,,,,,,,,,,,,,,,,,,,,,,,,,,,,,,,,,,,,,,,,,,,,,,,,,,
002450.XSHE,-0.11810767,0.74622395,0.4694681,-0.11111111,-0.00601966,0.44810107,1.0,-0.08574244,0.56,0.8868017,0.04216659,0.56,-0.36134729,0.03303497,-1.55223919,-0.33584042,-0.00552669,-0.41366906,1.64031362,-0.17187259,1.0,-0.260829,0.0,0.58,0.98366547,0.5527708,1.0,0.00041737,1.66497379,0.19522983,0.77636362,0.00697624,0.89004894,0.48136037,0.71411133,3.38179641,1.13670238,-0.01009226,-0.16564479,0.37452229,0.06636693,1.11029412,0.75,0.16364685,,1.0,0.14098957,1.0,-0.45808581,1.0,0.12777001,5.63043478,-0.16400398,-0.43928807,-0.00788177,0.77045804,-4.91e-06,0.0,-1.0,-1.0,0.0,-0.85311573,-1.0,,0.25583311,-0.58704988,0.0,0.0,0.43093889,3.01070947,1.86208714,0.60936091,0.0,0.5,0.16666667,-0.56372103,0.0,-0.875,0.18401167,-1.0,-0.7703281
002456.XSHE,0.42773246,-0.93892441,-0.6703456,-0.66666667,-0.14376109,-0.67021556,-0.21666667,-0.07128778,-0.33,0.09016661,0.94756437,-0.33,-0.59352518,-0.61202188,-1.97062335,-0.56867233,-0.70843995,-0.57684761,-1.83763476,-0.83810423,1.0,-0.26267698,-0.61,-0.38,0.01666122,-0.63474545,-1.0,-1.805e-05,1.18597641,0.05402586,-0.75187872,0.00681698,0.17030995,0.01111838,0.01239014,2.0924761,0.23005972,-0.69271835,-1.73942674,-0.42082331,-0.00867481,0.9654059,0.59375,-0.96218104,,1.0,-0.50921687,-0.33,-0.97828233,1.0,-0.2595655,1.46590909,-0.31685549,-0.92304934,-0.26117875,0.17358152,-4.879e-05,0.0,-1.0,-1.0,-1.0,-1.34981866,-1.0,0.25,1.87197361,-0.7955071,0.0,0.0,0.07462354,1.81884153,0.97688293,0.71596794,-1.0,0.33115824,0.05555556,-0.69787928,0.0,-1.0,0.01590265,-1.0,0.1174743
002465.XSHE,-0.11810767,-0.39804493,0.0319919,-0.11111111,-0.12438972,-0.14975482,0.46666667,-0.25722733,0.2,0.62887945,0.08624526,0.2,-0.76847613,-0.03601574,-1.9762608,-0.74820144,-0.05563126,-0.33845651,1.44756615,-0.04958035,1.0,-0.00128508,0.17,-0.65,0.790918,-0.90773071,1.0,0.00041333,1.61992136,0.31433395,2.06151493,0.00665692,0.6730832,0.72792675,0.29736328,2.83608456,1.54111454,-0.1098106,-0.09397315,-0.21215268,0.01848993,1.5624509,0.55,-0.68913202,,0.2,-0.08237669,0.2,-0.80223758,0.2,-0.01353675,26.14285714,-0.03902819,-0.55471723,-0.01907399,0.18452328,0.00023688,0.0,0.0,-1.0,0.0,-1.25733597,0.0,0.26666667,1.00576645,-0.75,0.0,0.0,0.59416946,1.54726354,1.21419488,0.83902475,-1.0,0.5,0.33333333,-0.59552436,1.0,-1.0,-0.30763811,-1.0,-0.71174377
002466.XSHE,0.42773246,-0.57787002,0.02059234,-0.88888889,-0.96610077,-0.33499062,-0.7,-0.94513798,-4.89,0.99869324,0.84685604,-4.89,-0.29659908,-0.29317167,-1.07584194,-0.21026815,-0.8567617,-0.99672989,-1.89121202,-0.54874,-1.0,0.08760091,-3.85,-5.28,0.00555374,0.14803913,1.0,-0.00042215,0.80688073,0.0091151,1.00950714,0.00365147,0.03621533,0.03368215,0.0,1.70330017,0.02422972,-0.90513188,-1.56567553,-0.35341451,-0.19394886,0.00131709,0.25,-0.0935151,,1.0,-0.99018804,-4.89,-0.3265848,-4.89,1.79656321,-0.88812366,-0.82415322,-0.32273211,-0.63463992,-1.7948757,-0.00068659,0.0,-1.0,-1.0,-1.0,-1.97955819,-1.0,0.4,1.65828294,-0.99537496,0.0,0.0,0.98432715,-23.23782215,0.07661205,0.95311042,-1.0,0.28384992,0.77777778,-0.98890701,0.0,-0.75,0.39341854,-1.0,0.6565793
002470.XSHE,0.03115824,0.25349288,-0.2487734,-0.11111111,-0.36626108,0.13794328,-0.24166667,-0.15735874,0.08,0.42126756,0.6442424,0.08,-0.22759974,0.09771735,-1.04702021,-0.63407456,-0.32600476,-0.33060824,-1.5259719,-0.17524531,1.0,0.03210723,0.09,-1.24,0.49754982,-0.83855665,-1.0,2.263e-05,1.13260157,0.19831389,1.4968868,0.0065833,0.44681892,0.78057554,0.1640625,1.58449834,0.68540748,-0.35242074,-1.22327912,-0.10107648,-0.00773844,0.82308846,0.46875,-0.40703706,,1.0,-0.2733985,0.08,-0.9675174,0.08,-0.03597256,0.71666667,-0.58389447,0.08241483,-0.14105938,-0.00963144,-0.00074669,0.0,0.0,-1.0,0.0,-0.6355094,-1.0,0.25,2.929031,-0.875,0.0,1.0,0.98525596,-0.15638643,1.19691084,0.84902605,-1.0,0.20489396,0.05555556,-0.59140113,1.0,-0.125,0.17189507,0.0,-0.29520295
002475.XSHE,0.03115824,0.28433101,-0.10528044,-0.11111111,-0.00664621,0.35740281,0.525,-0.03449409,0.16,0.55504737,0.90592354,0.16,-0.02681491,0.18959212,-0.85594029,-0.03891432,-0.07458385,-0.40058862,1.89023195,-0.23895056,1.0,-0.0547649,-0.14,0.55,0.87912447,-0.31208989,1.0,0.00050259,1.55806029,0.13171643,-0.01988936,0.00773013,0.55497553,0.32406802,0.30212402,2.83216855,0.90034861,-0.04075722,-1.46880319,-0.09566547,-0.00396042,1.24028269,0.9,0.07444132,,1.0,0.05561592,1.0,-0.65881182,1.0,0.19738974,3.66666667,-0.18890583,0.33002805,-0.02553459,0.41430533,2.07e-06,0.0,-1.0,0.0,0.0,-0.90883614,0.0,0.86666667,4.18949884,-0.875,0.0,1.0,0.85831217,3.72166418,1.9862819,0.94485985,0.0,0.50179445,0.13888889,-0.56867863,0.0,-1.0,0.44610617,0.0,-0.27424094
002500.XSHE,0.42773246,-0.79295334,-0.38415263,-0.88888889,-0.35133585,-0.44489475,-0.6,-0.1629435,-0.05,0.21659588,0.99268762,-0.05,-0.47482014,-0.40582797,-2.81526234,-0.50098103,-0.2695617,-0.72694572,-1.30610911,-0.01838783,-1.0,-0.14364469,-0.42,-3.26,0.04802352,-0.88273483,-1.0,0.00044439,1.2603211,0.0082734,1.18710788,0.00715227,0.10799347,0.19653368,0.07434082,2.24281262,1.01459819,-0.83774473,-1.04745669,-0.30903997,-0.05567694,0.92753623,0.28125,-0.97561681,,1.0,-0.44724125,1.0,-0.84290429,1.0,-0.00172493,-3.61142857,-0.48079345,-0.74934591,-0.5513908,0.0496774,-0.00056787,1.0,-1.0,0.0,0.0,-1.76129245,-1.0,0.25,2.14446441,-0.82623059,0.0,0.0,0.99297544,0.86427575,0.95671902,0.79664823,0.0,,0.05555556,,0.0,-1.0,0.08788218,0.0,0.28513238
002508.XSHE,-0.11810767,-0.39035646,0.41754091,-0.22222222,-0.00305294,0.49243871,0.95,-0.0413929,0.37,0.79402156,0.18466558,-0.37,-0.26716808,0.2300844,-0.7272323,-0.43655984,-0.02357259,-0.77828646,1.78536426,-0.09078252,1.0,-0.28847333,0.0,1.24,0.79908527,0.78446454,1.0,0.00055854,1.79508519,0.33595562,2.82369333,0.00841506,0.48515498,0.91203401,0.27832031,2.65568028,1.33265283,-0.047147,-0.15278035,0.42296507,0.07004864,0.40181058,0.85,-0.42856323,,1.0,0.04473172,1.0,-0.31391905,1.0,0.61245867,1.69389548,-0.35801759,0.50091161,-0.07187834,0.45611959,-0.00050905,0.0,0.0,0.0,0.0,-0.67029344,0.0,1.0,0.33999273,-0.75,0.0,1.0,0.83111182,0.58766178,41.04660052,0.97301331,0.0,0.5,0.66666667,-0.22954668,1.0,-1.0,0.46241755,0.0,-0.66079295
002555.XSHE,-0.11810767,-0.71801892,-0.05661726,-0.44444444,-0.69226519,0.04078073,-1.0,-0.66130092,0.43,0.82734401,0.10703476,0.43,-0.85120994,0.01121069,-2.16282554,-0.77795945,-0.05459104,-0.62459124,-1.79385822,-0.12811414,-1.0,-0.24064353,0.62,1.2,0.90003267,-0.9701425,1.0,0.00028418,0.44410223,0.25905327,0.04136261,0.00737076,0.79967374,0.95258339,0.05639648,3.36030611,1.17599584,-0.1164963,-1.42626432,-0.43380382,0.13749304,0.25185491,0.225,-0.77714043,,0.43,-0.54792977,0.43,-0.77788746,0.43,-0.380869,-9.46296296,-0.36920129,-0.87744541,-0.00556089,-0.00522221,-0.00020315,0.0,-1.0,0.0,-1.0,-1.66188592,0.0,1.0,1.32611878,-0.75,0.0,0.0,0.36043555,-0.01377408,1.40824136,0.95237145,0.0,0.21631321,0.72222222,-0.91658633,0.0,-0.875,-0.14931263,-1.0,-0.66991474
002558.XSHE,-0.33017945,-0.53758394,-0.33865683,-0.22222222,-0.64439483,0.17879794,-1.0,-0.79270696,0.07,0.40444299,0.30305604,-0.07,-0.26782211,0.13585597,-1.5076643,-0.36559843,-0.01652906,-0.15271419,-1.6514211,-0.32607402,-1.0,-0.3922101,0.0,-0.58,0.39464227,-0.94491118,-1.0,0.00030462,0.66625164,0.13054688,0.8103402,0.0068202,0.42838499,0.61347286,0.01208496,1.94441801,1.02741133,-0.23894643,-1.55287729,-0.32905921,0.05102335,0.06774415,0.06875,-0.81224306,,0.07,-0.23540969,0.07,-0.75372887,0.07,-0.06620843,0.21730205,-0.58800209,-0.75001914,-0.12950183,-0.44997583,-0.00082735,0.0,0.0,0.0,0.0,-1.14309265,0.0,1.0,0.45804806,-0.6875,-1.0,1.0,0.92117364,-0.2979282,1.79005014,0.42084035,-1.0,0.55269168,0.58333333,-0.4274062,1.0,-0.46153846,0.56829832,0.0,-0.4077472
002594.XSHE,-0.11810767,0.518928,-0.36809323,-0.11111111,-0.00883468,-0.52180199,0.79166667,-0.17214192,0.56,0.8868017,1.27365883,0.56,-0.09189012,-0.13677641,-1.39708475,-0.08567691,-0.01147444,-0.27697842,1.30284221,-0.2261053,1.0,0.40979903,0.0,-0.68,0.85821627,-0.53452248,1.0,-0.00010681,1.71775885,0.16248455,0.76564817,0.00747977,0.52137031,0.63276651,0.57128906,1.64872524,1.53877745,-0.04383267,-1.04355525,-0.31192412,0.09805011,0.86587838,0.74375,-0.04581484,,0.56,-0.08182432,0.56,-0.61666114,0.56,0.05625939,13.18823529,-0.07291017,0.37043321,-0.00801945,1.43293892,-0.00031072,1.0,0.0,-1.0,0.0,-0.37520607,0.0,1.0,38.41334205,-0.625,0.0,0.0,0.88757737,1.91645569,2.6265278,0.99884687,0.0,0.5,0.83333333,-0.22954668,1.0,-1.0,0.53228888,0.0,-0.83447332
002602.XSHE,-0.11810767,-0.13322147,-0.23847135,-0.77777778,-0.00430733,0.05039633,-1.0,-0.72930355,0.0,0.27425678,0.42983839,0.0,-0.38031393,0.01803171,-1.95753711,-0.33485939,-0.16575278,-0.32537606,1.92061418,-0.01585504,-1.0,-0.01169993,0.0,-5.83,0.20875531,-0.40824829,1.0,1.691e-05,1.8094692,0.12884964,0.65454499,0.00599026,0.21207178,0.45748855,0.07617188,2.57513249,0.9785726,-0.30051399,-1.7442955,-0.51801342,0.04651406,0.99286988,0.15,-0.90038435,,0.0,-0.68658766,0.0,-0.74444813,0.0,-0.11102254,15.02328767,-0.0607157,-0.6890661,-0.18435954,0.97703985,-0.00085184,1.0,-1.0,0.0,0.0,-1.1605671,0.0,0.5,0.47081037,-0.69276511,0.0,0.0,0.89963525,0.3841558,0.9552191,0.73581699,0.0,0.5,0.22222222,-0.65905383,1.0,-0.5,0.59673501,-1.0,0.0365408
002673.XSHE,0.42773246,-0.72734421,-0.21025895,-0.77777778,-0.29694743,-0.56640615,-0.5,-0.12976347,-0.28,0.1009474,0.98399468,-0.28,-0.56605625,-0.52761884,-1.43840918,-0.38620013,-0.75166335,-0.77763244,-1.17020582,-0.03133556,-1.0,-0.0090074,-0.29,-2.89,0.03985626,-0.86258195,1.0,0.00026805,1.25442333,0.00838369,1.31187133,0.00718081,0.0721044,0.08894702,0.00585938,2.25752796,0.99926045,-0.8714383,-0.94805855,-0.25266483,-0.03480725,0.10862445,0.3375,-0.9653556,,1.0,-0.60363306,1.0,-0.78545574,1.0,0.0,-1.74358974,-0.72200182,-0.85367542,-0.38651994,-0.12656996,-0.00068745,0.0,-1.0,0.0,0.0,-0.8115727,-1.0,0.25,2.04989324,-0.77106046,0.0,0.0,0.93219104,-2.13607905,0.95817002,0.61253312,0.0,0.27862969,0.16666667,-0.64978393,1.0,-1.0,-0.28716581,0.0,0.61099796
002714.XSHE,-0.11810767,0.64103091,-0.3949895,-0.22222222,-0.01845176,-0.26933717,-1.0,-0.4934297,-0.27,0.10437765,0.09119124,0.27,-0.1030085,-0.07942446,-1.31966326,-0.64257685,-0.02230715,-0.88554611,1.61842535,-0.02663825,1.0,-0.31436176,0.0,0.8,0.09833388,-0.63474545,1.0,-0.00052784,1.76408912,0.13677392,0.60566652,0.00669453,0.12039152,0.02681491,0.09997559,2.79992749,0.46547596,-0.20928954,-1.1949816,-0.11687779,-0.0266102,0.06815556,0.05,-0.68371547,,1.0,-0.13897912,1.0,-0.50396563,1.0,0.03384123,-4.81666667,-0.76324425,-0.06997461,-0.4650068,-0.18648635,-0.00106521,0.0,-1.0,0.0,0.0,-0.37223871,-1.0,0.75,1.52509547,-0.6875,-1.0,0.0,0.86890893,-1.48780409,1.09950051,0.68405356,-1.0,0.57879282,0.16666667,-0.17161501,1.0,-0.5,-0.74115184,0.0,0.51896208
002736.XSHE,0.24665579,-0.09660397,-0.46533423,-0.77777778,-0.27641982,-0.76382304,-0.4,-0.07621551,0.02,0.30235217,0.86513805,-0.02,-0.35775016,-0.5082977,-1.66021596,-0.50196207,-0.14583037,-0.69032047,-1.44364587,-0.0319971,-1.0,0.02483115,-0.32,-2.09,0.45050637,-0.75592895,1.0,0.00050125,1.3810616,0.122265,1.37450323,0.00724154,0.16247961,0.04578156,0.08850098,2.32234263,1.00001187,-0.69925342,-1.03421843,-0.29181267,-0.01212153,0.85398487,0.375,-0.71161685,,1.0,-0.4549559,1.0,-0.55281343,1.0,0.04315191,0.39849624,-0.35958945,-0.40051122,-0.06462839,0.08623938,0.0002725,1.0,-1.0,0.0,0.0,-1.65150016,-1.0,1.0,2.31612918,-0.80409647,0.0,0.0,0.98450663,1.41515533,0.95422084,0.81464063,0.0,,0.11111111,,0.0,-0.625,-0.13663084,0.0,0.18372703
002739.XSHE,,,,,,,,,,,,,,,,,,,,,,,,,,,,,,,,,,,,,,,,,,,,,,,,,,,,,,,,,,,,,,,,,,,,,,,,,,,,,,,,,
002797.XSHE,0.42773246,-0.09662279,-0.60151222,-1.0,-0.87227206,-0.88797725,-0.83333333,-0.84592641,-1.0,0.02123489,0.10394203,-1.0,-0.67789405,-0.88768631,-1.59291736,-0.62459124,-0.7802501,-0.98463048,-1.0277687,-0.06456464,-1.0,-0.03277861,-1.6,-2.78,0.20875531,-1.0,-1.0,0.00019761,0.43505898,0.01352193,1.23106766,0.00633497,0.00130506,0.2822106,0.0,3.88816608,0.72635054,-0.93790653,-1.0277687,-0.84534123,-0.25615152,0.05981466,0.125,-0.77738122,,-1.0,-0.94136209,-1.0,-0.93636062,-1.0,7.841e-05,-5.66666667,-0.60438754,-0.87101671,-0.64886735,-0.33998268,-0.00069906,0.0,-1.0,-1.0,0.0,-1.77200791,0.0,1.0,0.18052276,-0.95341923,-1.0,0.0,0.46635899,-2.21315504,0.95666102,0.61263,-1.0,,0.05555556,,1.0,,-0.69851681,-1.0,0.9202454
002831.XSHE,-0.11810767,-0.28497499,-0.12690525,-0.33333333,-0.03631359,0.62917516,-1.0,-0.97536137,1.22,0.97059784,0.23547929,-1.22,-0.26945716,0.0585471,-1.84476871,-0.21092217,-0.00129781,-0.08567691,-1.79255145,-0.86836234,-1.0,0.46196833,0.0,1.39,0.84808886,-0.6875,1.0,0.00013813,0.83571429,0.12138862,0.38571,0.00433552,0.7132137,0.82831916,0.01367188,3.1308277,1.85033578,-0.19390636,-0.47135287,0.10432938,0.25885679,0.97133443,0.03125,-0.54095612,,-1.0,-0.96992992,1.22,-0.71058745,1.22,-0.02335315,30.72475248,-0.03418336,0.06463051,-0.00046106,1.71688431,-0.00065307,0.0,-1.0,0.0,-1.0,-1.77926146,0.0,1.0,0.45005679,-0.96696399,0.0,0.0,0.90249564,0.13515115,0.98230691,0.35391138,0.0,0.42022838,0.77777778,,1.0,,-0.19916911,0.0,-0.8317815
002839.XSHE,0.42773246,-0.69357811,-0.17978479,-0.66666667,-0.30212019,-0.02357687,-0.36666667,-0.65670171,-0.25,0.11009474,0.63859199,0.25,-0.95781557,-0.02259579,-2.8188469,-0.96533682,-0.15425657,-0.9234794,-1.96994446,-0.00242917,-1.0,-0.05656372,-1.24,-0.93,0.03430252,-0.76376262,-1.0,0.0003852,0.55498034,0.00782932,1.95502997,0.0056005,0.04274062,0.1088947,0.02832031,2.17354172,0.10337607,-0.89900577,-1.656691,-0.62575332,0.04157634,0.09014558,0.11875,-0.98736049,,-0.25,-0.31644098,-0.25,-0.97301744,-0.25,0.17720745,-1.98813559,-0.50028267,-0.65587986,-0.31778086,-0.37415226,-0.00061046,1.0,-1.0,-1.0,-1.0,-1.48120673,-1.0,0.46666667,0.91891176,-0.87281136,0.0,0.0,0.93713789,-0.40510476,0.75577702,0.42476767,-1.0,0.03588907,0.41666667,-0.73017945,0.0,-1.0,0.47099392,0.0,0.45499505
002841.XSHE,0.24665579,-0.44478005,-0.30463226,-0.22222222,-0.01016603,-0.0293404,-1.0,-0.99211564,1.59,0.98513558,0.44185816,-1.59,-0.26324395,-0.00407612,-0.44368306,-0.15860039,-0.00153169,-0.01831262,-1.96537079,-0.28349742,-1.0,0.17133813,0.0,0.79,0.91963411,-0.03340766,-1.0,-6.139e-05,0.25848624,0.09090094,0.85584034,0.00634962,0.82185971,0.6118378,0.0546875,3.0143947,1.4200969,-0.08719532,-0.73395322,0.12137638,-0.00126333,1.00065985,0.0375,-0.50658942,,-1.0,-0.94749825,1.59,-0.61929941,1.59,-0.49150604,6.83529412,-0.09208754,-0.50512042,-0.00388635,2.08897205,-0.00045743,0.0,-1.0,-1.0,-1.0,-1.93537751,0.0,0.86666667,0.54302099,-0.95143707,0.0,1.0,0.9176309,0.41625381,1.1775832,0.43563442,0.0,0.40946166,0.72222222,-0.96395054,1.0,-1.0,-0.10416259,0.0,-0.77366651
300017.XSHE,0.24665579,-0.11940935,-0.23179981,-1.0,-0.47782015,-0.11296309,-1.0,-0.82654402,0.18,0.59653708,0.10956328,-0.18,-0.56082407,-0.08387102,-2.35579326,-0.59548725,-0.04760507,-0.72171354,-1.00784057,-0.06213401,-1.0,-0.08521573,0.0,-0.72,0.84645541,-0.87705802,-1.0,-2.233e-05,0.45229358,0.07077086,-0.22185776,0.00736897,0.52300163,0.43198169,0.12695313,1.44046311,1.46872364,-0.35904468,-0.72432346,-0.46318799,0.02783729,1.07782805,0.2625,-0.66505847,,-1.0,-0.56943445,0.18,-0.98873053,0.18,-0.00027181,-7.5,-0.19356208,-0.14836387,-0.06172436,0.14524411,0.00045574,0.0,-1.0,-1.0,-1.0,-1.27019453,-1.0,1.0,2.34402973,-0.69904196,-1.0,0.0,0.62390121,0.87529069,1.04401963,0.15312997,-1.0,0.18433931,0.16666667,-0.81101712,0.0,-1.0,-0.65143406,0.0,-0.58823529
300024.XSHE,-0.33017945,0.04600444,-0.34879771,-1.0,-0.37767203,-0.08373617,-1.0,-0.82161629,0.17,0.57448546,0.07053716,-0.17,-0.42217135,-0.06974356,-1.21723583,-0.47449313,-0.02107888,-0.82112492,-1.30512904,-0.4150689,-1.0,0.49892624,0.12,-1.85,0.77327671,-0.95629607,-1.0,0.00050414,1.12008519,0.07723647,1.42515633,0.00694624,0.44861338,0.77305428,0.10668945,2.9286316,1.44871611,-0.3726087,-0.71846284,-0.53358116,0.00125751,0.77457169,0.3125,0.08557672,,-1.0,-0.7638486,0.17,-0.99867242,0.17,-0.00878144,-0.49159664,-0.32707044,-0.79501481,-0.13584951,0.16262933,-8.451e-05,0.0,0.0,-1.0,-1.0,-1.04071876,-1.0,0.25,0.92258901,-0.85827552,-1.0,1.0,0.75628916,2.23280238,1.01082981,0.8720288,0.0,0.3096248,0.11111111,-0.85742251,0.0,-1.0,0.09138079,-1.0,-0.44345898
300027.XSHE,-0.33017945,-0.23005965,-0.51595899,-0.66666667,-0.47465629,-0.28587885,-0.93333333,-0.39816032,0.03,0.3154198,0.00339699,-0.03,-0.69359058,-0.26780067,-2.068974,-0.64911707,-0.04695729,-0.91693918,-1.18327344,-0.02849,1.0,-0.02758265,0.03,-1.59,0.59294348,-0.96428571,1.0,0.00031419,0.5258519,0.29671317,1.65809642,0.00742101,0.20848287,0.58077175,0.15869141,1.63052576,1.15604433,-0.4597342,-0.83605058,-0.57909817,0.0072583,1.2166302,0.15625,-0.88514218,,0.03,-0.41880911,0.03,-0.92925304,0.03,-0.00755309,0.35,-0.36167289,-0.72648935,-0.04224779,0.04482459,0.00011464,1.0,-1.0,0.0,-1.0,-1.31800198,-1.0,,0.97750339,-0.75,-1.0,1.0,0.67645315,0.50020482,1.4323672,0.84183168,-1.0,0.08613377,0.94444444,-0.82610114,1.0,-0.5,0.03220178,0.0,0.03021148
300033.XSHE,-0.33017945,-0.64681949,0.09200724,-0.66666667,-0.14435294,0.36545664,-0.43333333,-0.99441524,-0.48,0.06680823,0.66030549,-0.48,-0.55395683,0.34641745,-2.60398085,-0.56115108,-0.40164789,-0.97972531,-1.14766416,-0.03348484,1.0,0.08508413,0.0,-2.54,0.02842208,-1.0,-1.0,0.00024863,1.03063565,0.07107574,1.91139247,0.00595322,0.10897227,0.50392413,0.05767822,2.68139084,0.72808246,-0.7439098,-1.06262413,-0.78325701,-0.0809209,0.84954561,0.2,-0.95002736,,-1.0,-0.93342687,-0.48,-0.96083638,-0.48,-0.04349951,-0.88614801,-0.41210638,-0.34628579,-0.05668045,0.71508882,-0.00059637,0.0,-1.0,-1.0,-1.0,-1.24530168,-1.0,0.25,0.69192193,-0.91443674,-1.0,0.0,0.03071085,0.8913785,1.28383808,0.7534826,0.0,0.40293638,0.13888889,-0.94812398,0.0,-1.0,-0.15873002,-1.0,0.27217269
300059.XSHE,0.42773246,-0.21756304,-0.51570606,-1.0,-0.41184079,-0.52277563,-0.96666667,-0.8130749,-0.11,0.16759229,0.5750277,-0.11,-0.33289732,-0.49194352,-0.93095064,-0.24068018,-0.21865924,-0.93067364,-1.21202221,-0.08743903,-1.0,0.2272397,-0.56,-1.63,0.03005554,-0.95173373,-1.0,0.00049743,0.68928571,0.01224597,1.36500823,0.00693169,0.08384992,0.30510137,0.01702881,3.15378734,0.99306753,-0.86041132,-1.01015097,-0.67793153,-0.02801407,1.13399857,0.11875,-0.14073765,,-1.0,-0.31000772,-0.11,-0.99204508,-0.11,0.0,-3.10869565,-0.38613351,-0.86473049,-0.71731293,0.36075991,0.00053886,0.0,-1.0,-1.0,0.0,-1.55753379,0.0,0.86666667,0.30965219,-0.91113314,-1.0,0.0,0.86058969,1.32283928,1.0,0.92028664,0.0,0.03458401,0.05555556,-0.85709625,1.0,-1.0,-0.11417067,-1.0,0.34482759
300070.XSHE,0.24665579,-0.41278837,0.12928923,-0.66666667,-0.46075477,0.12577876,0.10833333,-0.78810775,0.19,0.62316237,0.638237,-0.19,-0.53400916,0.09528194,-2.3037035,-0.45094833,-0.07488436,-0.12099411,1.66742894,-0.32575533,1.0,-0.22538147,0.0,-0.11,0.83698138,-0.78908375,-1.0,4.723e-05,1.29030144,0.06288113,1.8608737,0.00590347,0.5050571,0.46893394,0.22741699,1.92850485,0.77498028,-0.33448848,-0.9627352,-0.14675486,0.00531733,0.52981764,0.5625,-0.85058984,,0.19,-0.54864098,0.19,-0.6950495,0.19,0.01125515,-18.42857143,-0.41301486,-0.25143406,-0.03147436,0.08167212,0.00027552,0.0,0.0,-1.0,-1.0,-0.88691065,0.0,0.5,0.50509264,-0.69573835,0.0,0.0,0.73682271,0.16628465,1.06675085,0.72218777,-1.0,0.5,0.66666667,,0.0,-1.0,0.17197508,0.0,-0.58171745
300072.XSHE,-0.33017945,0.21953105,-0.02956665,-0.11111111,-0.00462327,0.30137909,0.53333333,-0.79796321,0.62,0.90574975,0.85158244,0.62,-0.10693264,0.13380362,-1.12995004,-0.37965991,-0.00621376,-0.39862655,1.83306109,-0.50087565,1.0,0.23490824,0.0,1.58,0.96471741,0.04374089,1.0,-0.00016473,1.73905636,0.16357154,0.91063368,0.00714285,0.80946166,0.90810988,0.6427002,3.4722354,1.33043729,-0.01746738,-1.49048902,0.22410285,0.18855981,0.88164794,0.40625,-0.10143286,,-1.0,0.06097036,0.62,-0.1727542,0.62,0.35517805,4.73170732,-0.14048695,0.09871639,-0.0110078,0.58561832,-0.00012836,1.0,-1.0,0.0,0.0,-0.51153973,0.0,1.0,7.26768265,-0.5,0.0,1.0,0.94345534,3.35754518,3.73213197,0.70914368,-1.0,0.5,0.16666667,-0.05269168,1.0,-0.92307692,-0.39833725,0.0,-0.73881374
300104.XSHE,,,,,,,,,,,,,,,,,,,,,,,,,,,,,,,,,,,,,,,,,,,,,,,,,,,,,,,,,,,,,,,,,,,,,,,,,,,,,,,,,
300124.XSHE,-0.33017945,0.22829801,-0.09689085,-0.22222222,-0.0199067,0.14116544,-1.0,-0.27201051,-0.49,0.06419471,0.15905015,0.49,-0.05395683,0.13695638,-1.00688239,-0.06017005,-0.06829191,-0.92315239,1.77817707,-0.11591438,1.0,0.31648183,0.0,0.26,0.10421431,-0.76980036,1.0,0.00019471,1.65976409,0.16134933,-0.10763589,0.00736387,0.07079935,0.02877698,0.015625,2.13373527,0.71970018,-0.22108487,-1.64350202,0.01044149,-0.09322281,0.05825243,0.48125,0.08774917,,-0.49,-0.08106614,-0.49,-0.92663582,-0.49,0.09785038,-0.95286195,-0.82800113,0.13213136,-0.27224909,-0.18974538,-0.0009693,0.0,-1.0,0.0,0.0,-0.21018793,0.0,0.75,0.64227844,-1.0,0.0,1.0,0.85319433,-1.30165641,1.69231356,0.91700741,-1.0,0.41337684,0.83333333,-0.67608893,1.0,-0.46153846,0.31568122,0.0,0.82910321
300133.XSHE,0.24665579,-0.40372478,-0.70043611,-0.66666667,-0.32452331,-0.7452757,-0.93333333,-0.61892247,0.43,0.82734401,0.01272335,-0.43,-0.50948332,-0.03076826,-1.63070934,-0.38489209,-0.00596526,-0.79921517,-1.21398236,-0.08262035,1.0,0.67410173,-0.14,-1.88,0.92845475,-0.875,-1.0,0.00043602,0.27077326,0.39030131,1.78401563,0.00699993,0.93344209,0.65794637,0.14868164,2.89433571,1.68474223,-0.0388321,-0.5703727,-0.82292614,-0.01816104,1.51605505,0.35,-0.00421757,,-1.0,-0.17583189,0.43,-0.94051553,0.43,-0.04275074,-1.77777778,-0.38378562,-0.17787745,-0.03287963,0.11747677,0.00040326,1.0,0.0,-1.0,-1.0,-1.59512034,0.0,1.0,1.42875943,-0.88007929,-1.0,1.0,0.83643129,1.48503592,1.01121965,0.90681058,0.0,0.02022838,0.80555556,-0.89526917,0.0,-1.0,0.7418735,-1.0,-0.67150635
300144.XSHE,-0.33017945,-0.68639354,-0.11368607,-0.44444444,-0.35135799,0.03927122,-1.0,-0.54599212,0.15,0.14619405,0.09756957,-0.15,-0.86854153,0.02132123,-2.38979821,-0.86494441,-0.0339811,-0.617724,-1.34302516,-0.27012592,-1.0,-0.63552223,0.0,-0.5,0.56680823,-0.86684512,-1.0,0.00015408,0.56140236,0.29815625,2.24702774,0.00725919,0.4685155,0.88620013,0.1774292,2.03449237,1.52107761,-0.2598325,-1.26420499,-0.35399603,0.04166954,0.52225792,0.075,-0.91239328,,0.15,-0.46162202,0.15,-0.84073708,0.15,-0.02506828,1.56725146,-0.27936946,-0.92320684,-0.05413288,0.13129658,-0.00032883,1.0,0.0,0.0,-1.0,-1.16320475,0.0,1.0,1.54536434,-0.5625,-1.0,0.0,0.25971505,0.45257633,1.17818932,0.70897045,-1.0,0.82153344,0.44444444,-0.55530179,0.0,-1.0,0.34272588,-1.0,-0.61583578
300168.XSHE,0.03115824,-0.14876284,-0.62525994,-1.0,-0.77275039,-0.83540978,-1.0,-0.92049934,-0.29,0.0994773,0.00485776,-0.29,-0.92838457,-0.01231764,-0.83801655,-0.90974493,-0.4058188,-0.970569,-1.08232604,-0.00025505,1.0,-0.97543923,-0.36,-2.85,0.02352172,0.375,-1.0,0.00045364,1.02801442,0.15316164,1.41232342,0.00663026,0.04339315,0.22432963,0.0,3.99505296,0.83961321,-0.79864108,-0.95954413,-0.7930752,0.00974836,0.25862069,0.1125,-0.77352636,,-1.0,-0.18414421,-0.29,-0.82343234,-0.29,-0.00239922,-2.35507246,-0.43304905,-0.83497128,-0.71739681,-0.39275153,-0.00070539,0.0,0.0,-1.0,-1.0,-1.13369601,0.0,1.0,5.1053102,-0.97158903,0.0,1.0,0.395245,-0.29680468,0.88135243,0.99809708,0.0,0.02414356,0.22222222,-0.95138662,1.0,-0.375,0.62644598,-1.0,0.50493963
300251.XSHE,0.42773246,0.13229411,-0.62478604,-1.0,-0.67783984,-0.56675708,-1.0,-0.56011827,-0.04,0.21969944,0.56667886,0.04,-0.1206671,-0.52924564,-1.50299535,-0.09352518,-0.06744915,-0.90353172,-1.28977458,-0.09837059,1.0,0.40641104,0.11,-1.24,0.13100294,-0.94345635,1.0,0.00049488,0.38397772,0.01622798,1.22677215,0.0071537,0.16704731,0.60791367,0.05126953,2.25709018,1.09100101,-0.78230349,-1.03012816,-0.63046886,-0.00841598,0.63812785,0.0875,0.33325195,,-0.04,-0.59983987,-0.04,-0.96747428,-0.04,-0.02861026,-1.46428571,-0.5477734,-0.48939018,-0.77477227,-0.00768288,-0.00059841,1.0,0.0,0.0,0.0,-1.201121,-1.0,0.93333333,2.74366916,-0.81665015,0.0,1.0,0.99883325,-0.22582365,0.97755538,0.92794363,-1.0,0.07471452,0.05555556,-0.81598695,1.0,-0.69230769,0.78372978,0.0,0.15936255
300315.XSHE,-0.33017945,0.13828076,-0.26595426,-0.88888889,-0.32791912,-0.06503609,-1.0,-0.70203679,0.14,0.52662529,0.00408711,-0.14,-0.56638326,-0.05783353,-1.91373186,-0.54839765,-0.02078393,-0.67462394,-1.16563215,-0.22273916,-1.0,-0.12945918,0.0,-0.49,0.85102908,-0.97072534,1.0,0.00020672,0.55484928,0.08643174,-0.12369462,0.00693767,0.73050571,0.63865271,0.1640625,1.91549389,0.85338996,-0.15665438,-0.90040306,-0.35648415,0.01338126,2.88695652,0.3,-0.85556509,,0.14,-0.48863633,0.14,-0.96808161,0.14,-0.00394642,,0.0,-0.13865002,-0.00853601,1.38295682,0.00023206,0.0,0.0,-1.0,0.0,-1.21810089,0.0,1.0,0.76708208,-0.62371985,-1.0,1.0,0.02515683,1.18116991,1.03320101,0.88602241,0.0,,0.44444444,,1.0,,0.53248373,-1.0,-0.82872928
600000.XSHG,-0.11810767,0.01188037,-0.23562439,-0.44444444,-0.13036658,-0.15661337,-1.0,-0.07917214,-0.01,0.26102581,0.9711152,0.01,-0.15860039,-0.08559342,-0.52619229,-0.12884238,-0.21860425,-0.47514716,1.67036916,-0.24976946,-1.0,-0.04239444,-0.08,-2.33,0.12936949,-0.81649658,1.0,0.00050718,1.4292595,0.03962911,1.98033857,0.00613344,0.22838499,0.32864617,0.21484375,2.95354964,0.417769,-0.37715565,-1.30726924,-0.09408902,0.02318104,0.64890282,0.4125,-0.49098162,,1.0,-0.13824919,1.0,-0.9638714,1.0,0.03767658,2.31111111,-0.23809524,0.28359568,-0.0173621,0.0454561,7.034e-05,1.0,-1.0,0.0,0.0,-0.71661721,-1.0,0.5,2.01696225,-0.5,-1.0,0.0,0.85526324,0.41896142,0.93030911,0.64547929,0.0,,0.55555556,-0.44867032,1.0,-0.125,-0.4296338,0.0,0.0
600008.XSHG,0.42773246,-0.79130696,-0.08345154,-1.0,-0.56559099,-0.31646084,-0.31666667,-0.5673456,-0.1,0.17167592,0.60941788,-0.1,-0.64977109,-0.2988336,-1.81213231,-0.61870504,-0.28007416,-0.84499673,-1.88827181,-0.09315252,-1.0,-0.11499585,-0.5,-0.46,0.03756942,-0.93541435,-1.0,0.00051137,1.35271953,0.0085764,-0.56057033,0.00677904,0.06133768,0.10104644,0.0,3.39355965,0.36749544,-0.88154638,-1.41279877,-0.34393539,0.03400688,1.10682493,0.475,-0.94458124,,-0.1,-0.05308053,-0.1,-0.85521553,-0.1,-0.19764783,-0.22222222,-0.45946041,-0.97272414,-0.64208593,-0.75338372,-0.00061347,0.0,-1.0,-1.0,-1.0,-1.12413452,-1.0,,0.12808116,-0.73372977,-1.0,0.0,0.7195358,-0.40275311,0.99042536,0.23147671,-1.0,0.18858075,0.22222222,-0.65644372,0.0,-0.875,-0.48319987,-1.0,0.3988604
600009.XSHG,0.03115824,0.55550385,-0.50936737,-0.77777778,-0.03267284,-0.12955539,-1.0,-0.10512484,0.49,0.85527605,0.34681412,-0.49,-0.15434925,-0.03998728,-1.38600216,-0.14094179,-0.01108412,-0.48724657,1.80333224,-0.10125833,-1.0,-0.20903584,0.0,-0.31,0.86867037,0.16042224,1.0,-0.00033716,1.09996723,0.1295669,2.0308898,0.00743275,0.54551387,0.90385873,0.01904297,3.32058604,1.07307165,-0.19001216,-1.07017422,-0.09505622,-0.08740898,1.01234568,0.01875,-0.16574871,,1.0,-0.79883171,1.0,-0.37376074,1.0,0.01279582,20.50769231,-0.04856153,-0.22393586,-0.00387215,0.76102162,-0.00056366,0.0,0.0,-1.0,-1.0,-1.28816353,0.0,1.0,25.23564765,-0.89230261,0.0,1.0,0.9364097,4.63584805,0.70938399,0.94858858,0.0,0.5,0.5,-0.7050571,1.0,-0.75,0.11412776,0.0,-0.74130106
600010.XSHG,0.42773246,-0.01523548,-0.26621868,-0.88888889,-0.50753777,-0.65039724,-1.0,-0.30978975,-0.12,0.15991506,0.65927448,-0.12,-0.20699804,-0.59839956,-1.81086271,-0.17560497,-0.58084128,-0.84957489,-1.80006534,-0.05579897,-1.0,-0.02820314,-0.18,-0.34,0.02188827,-0.96003916,-1.0,0.00046738,1.13486239,0.09816686,1.40763901,0.00671105,0.02707993,0.13047744,0.0,2.39702076,0.16069574,-0.91370842,-1.79062237,-0.31882289,-0.00576489,42.0,0.08125,-0.90219996,,-0.12,-0.30284167,-0.12,-0.79401119,-0.12,0.01532832,0.33333333,-0.48535654,-0.01702581,-0.55080957,-0.02325282,-0.00069605,1.0,0.0,0.0,0.0,-1.38410814,-1.0,,1.68746835,-0.76015857,0.0,0.0,0.883185,-0.23600123,0.91665328,0.99659567,0.0,0.31615008,0.5,-0.71044411,1.0,-1.0,0.66063402,-1.0,0.47808765
600015.XSHG,0.24665579,-0.4032868,-0.24171441,-0.44444444,-0.21446197,-0.20604577,-1.0,-0.08180026,0.06,0.38745508,0.78465244,-0.06,-0.29496403,-0.10349547,-0.77475732,-0.18181818,-0.16670201,-0.67593198,1.73766743,-0.33839139,-1.0,-0.31054218,-0.19,-1.77,0.70859196,-0.92706243,-1.0,0.00049126,1.56618611,0.0753455,1.81175763,0.00650613,0.3411093,0.05722695,0.2746582,3.78217654,0.51913991,-0.38273298,-0.59935283,-0.11500227,0.00688997,1.3510942,0.16875,-0.67007567,,1.0,-0.33519441,1.0,-0.77660278,1.0,0.01557138,12.88888889,-0.06867254,-0.07143499,-0.00511008,0.08192661,7.13e-06,1.0,0.0,0.0,0.0,-1.30959446,-1.0,0.25,1.0900748,-0.61942517,-1.0,0.0,0.99935419,0.99783687,0.90412109,0.41194171,0.0,0.83686786,0.55555556,-0.32495922,0.0,-1.0,-0.31132093,0.0,-0.39735099
600016.XSHG,0.24665579,-0.47988863,-0.67452283,-0.55555556,-0.26391895,-0.63201083,-1.0,-0.12746386,0.01,0.28650768,0.98209284,0.01,-0.26030085,-0.36342694,-2.13131858,-0.28646174,-0.38734994,-0.41203401,1.51453773,-0.24362527,-1.0,0.01024045,-0.17,-1.12,0.51192421,-0.91855865,-1.0,0.00053721,1.37945609,0.03847344,1.65445654,0.00721472,0.26655791,0.15336821,0.12207031,2.69902703,1.09113602,-0.55194223,-0.30241098,-0.11220499,0.0012616,1.50870647,0.34375,-0.77377513,,1.0,-0.30237366,0.01,-0.84985085,1.0,0.01710225,8.5,-0.09196127,-0.56164552,-0.03103508,0.0573274,0.00011722,1.0,-1.0,0.0,0.0,-1.4272997,-1.0,,0.90083747,-0.59563925,-1.0,0.0,0.99762697,0.26768803,0.97117033,0.54336562,0.0,0.5,0.16666667,-0.58863627,1.0,-1.0,-0.53696789,-1.0,-0.18018018
600018.XSHG,-0.33017945,-0.21574146,-0.09364795,-0.11111111,-0.11297153,0.66881414,-1.0,-0.13830486,0.14,0.149951,0.9959869,0.14,-0.66742969,0.31512278,-1.50142602,-0.64682799,-0.02826768,-0.28090255,1.76216923,-0.04943443,-1.0,-0.11963635,0.1,0.22,0.77654361,-0.34862249,-1.0,-0.00042281,1.25534076,0.19861505,1.99178059,0.00740781,0.7588907,0.50948332,0.25827026,3.36492225,0.66424274,-0.02209549,-0.48474098,-0.030263,0.02249266,3.82945736,0.15,-0.86171158,,1.0,0.0334295,0.14,-0.85379538,0.14,-0.03764652,,0.0,-0.66548914,-0.00123419,0.07656873,0.00019292,1.0,0.0,0.0,0.0,-0.39647214,0.0,1.0,1.33264467,-1.0,-1.0,1.0,0.84343466,0.86451182,2.45645605,0.68902234,-1.0,0.5,0.33333333,-0.46439281,1.0,-1.0,-0.28296037,-1.0,-0.81871345
600019.XSHG,0.42773246,-0.14513131,-0.22075616,-0.88888889,-0.36240563,-0.18967577,-0.6,-0.1869251,-0.12,0.16138517,0.85913382,-0.12,-0.48266841,-0.14990103,-1.6649363,-0.46631785,-0.56402134,-0.80771746,-1.8676903,-0.12013051,-1.0,-0.08772274,-0.18,-1.9,0.0486769,-0.8660254,-1.0,0.00048273,0.94764089,0.01914098,1.59913331,0.00658488,0.09885808,0.30019621,0.01318359,1.72058595,0.54957378,-0.84632128,-1.52293304,-0.14633523,-0.03633644,1.46678024,0.09375,-0.70736751,,1.0,-0.55789614,-0.12,-0.73583029,1.0,0.06695851,-7.27272727,-0.54165686,-0.57698289,-0.3339728,0.02937803,-0.00066982,1.0,-1.0,-1.0,0.0,-1.68381141,-1.0,0.4,0.57317805,-0.80277502,0.0,0.0,0.74717064,0.63543282,0.93416611,0.67476852,0.0,,0.63888889,-0.57226754,0.0,-0.5,0.10618111,-1.0,0.52356021
600021.XSHG,-0.11810767,-0.10700162,-0.24233489,-0.11111111,-0.11106983,0.29462945,-1.0,-0.28679369,0.09,0.43809213,0.53976425,-0.09,-0.07848267,0.12916586,-0.48495212,-0.05755396,-0.0172015,-0.28319163,1.6445606,-0.23905186,1.0,0.13421709,0.0,0.0,0.37896112,0.27443022,1.0,0.00022134,1.86320446,0.18494524,0.3998258,0.00384317,0.4365416,0.44473512,0.17303467,3.23925232,0.60781014,-0.05159595,-1.13178121,-0.01702161,0.00418046,0.84367816,0.2625,0.15940828,,0.09,-0.10828605,0.09,-0.34935366,0.09,0.02674943,3.16666667,-0.22479731,0.1907643,-0.09200829,0.40657455,-0.00057312,0.0,0.0,0.0,0.0,-0.66221563,0.0,,8.79165758,-0.625,0.0,1.0,0.99383848,0.40413664,1.05922384,0.96436476,0.0,0.99902121,0.88888889,,1.0,-0.75,0.58975133,0.0,-0.78014184
600023.XSHG,0.03115824,0.03571974,-0.55227322,-0.11111111,-0.14035804,0.29419802,0.81666667,-0.16557162,0.09,0.43809213,1.04073925,0.09,-0.16350556,0.10121492,-1.52938393,-0.22105952,-0.04832924,-0.17724003,1.63312643,-0.05529837,1.0,0.00597214,0.01,-0.3,0.51257759,-0.76000651,1.0,-0.00049307,1.61815203,0.09786067,1.99240462,0.00638756,0.63327896,0.11281884,0.60357666,2.39437143,0.81113211,-0.03359112,-0.3748159,-0.00406761,-0.00264764,5.38565022,0.8,-0.08299012,,1.0,-0.06122026,0.09,-0.60769997,0.09,0.02490689,8.7,-0.10853413,0.62575366,-0.01066841,0.05858435,-4.276e-05,1.0,-1.0,-1.0,0.0,-0.74925816,0.0,0.73333333,3.32943376,-0.9375,-1.0,1.0,0.42988628,0.02417212,1.3094614,0.69239688,-1.0,0.5,0.66666667,-0.32563152,1.0,-1.0,-0.51539294,-1.0,-0.89108911
600028.XSHG,0.24665579,-0.49017181,-0.20161193,-0.44444444,-0.27139737,-0.1914729,-0.275,-0.16787122,0.08,0.42126756,0.73591849,-0.08,-0.28613473,-0.09579919,-1.81686184,-0.21811642,-0.1790199,-0.29431001,-1.77556354,-0.08883162,-1.0,-0.02706178,-0.03,-0.03,0.71218556,-0.95807103,-1.0,0.00041931,1.07676933,0.10546721,1.78708703,0.00730116,0.39314845,0.06965337,0.2991333,1.98967984,0.93043879,-0.35251971,-1.44897628,-0.01736095,0.00747028,2.19692308,0.0875,-0.98744073,,1.0,-0.21485668,0.08,-0.9350348,0.08,-0.01823718,1.88888889,-0.34712839,-0.4576205,-0.00077324,0.00787446,0.00049488,1.0,0.0,-1.0,0.0,-0.84520277,-1.0,0.5,0.82812844,-0.4375,0.0,0.0,0.40703073,0.09068181,1.0,0.65564499,0.0,0.5,1.0,-0.40990987,1.0,-0.875,0.57621948,-1.0,-0.54945055
600029.XSHG,0.24665579,0.01541089,-0.60858038,-0.55555556,-0.14160146,-0.51743496,-1.0,-0.16195795,0.04,0.34596537,0.767583,-0.04,-0.33976455,-0.33907926,-1.1582381,-0.38456508,-0.17892608,-0.73839111,1.59784384,-0.38019417,-1.0,-0.24227509,0.0,-0.09,0.54753349,-0.92137477,-1.0,-0.0004124,1.54161206,0.04485797,2.02449565,0.00694908,0.44404568,0.06867233,0.17456055,2.0803,1.20834326,-0.27178799,-1.08181886,-0.19343621,0.00897033,1.59537572,0.25,-0.74008769,,1.0,-0.31009217,0.04,-0.72273629,0.04,0.01007775,2.25,-0.16159506,-0.08548123,-0.00771891,0.23775582,2.608e-05,1.0,0.0,-1.0,0.0,-1.01632047,-1.0,0.25,3.77776603,-0.56854972,-1.0,0.0,0.80799725,0.20250922,0.9744842,0.87335477,-1.0,0.5,0.66666667,-0.48869771,1.0,-0.75,-0.03459451,0.0,-0.61068702
600030.XSHG,0.42773246,-0.76461325,-0.51252934,-0.55555556,-0.28146281,-0.61926116,-0.31666667,-0.12056505,-0.09,0.1813133,0.95130588,-0.09,-0.42446043,-0.53667948,-2.3535943,-0.41628515,-0.45752812,-0.69980379,-1.6377001,-0.43175253,-1.0,-0.0320216,-0.37,-2.17,0.03364913,-0.6000992,-1.0,0.00050389,1.31867628,0.00689607,1.47200794,0.00584533,0.17944535,0.24885546,0.0177002,2.09897112,0.48882577,-0.77066389,-1.3525792,-0.23373856,-0.02379625,0.55701754,0.31875,-0.87418332,,1.0,-0.41031384,1.0,-0.95294505,1.0,0.07750735,-0.29019608,-0.45170287,-0.84947648,-0.2688999,0.05358663,0.00048337,1.0,-1.0,-1.0,0.0,-1.44807122,-1.0,0.66666667,1.33883033,-0.6970598,-1.0,0.0,0.69519969,0.38073211,0.97708726,0.49328122,-1.0,0.5,0.27777778,-0.4858075,1.0,-1.0,-0.74591377,-1.0,0.16172507
600031.XSHG,0.24665579,-0.69904692,-0.23640877,-0.55555556,-0.2946457,-0.08140884,-1.0,-0.11596583,0.17,0.58101927,0.7769164,-0.17,-0.27795945,-0.02403321,-1.72851485,-0.24133421,-0.0640577,-0.29627207,-1.8745508,-0.27746179,-1.0,0.02163971,-0.19,-0.25,0.9127736,-0.63193225,1.0,0.00054823,1.38715596,0.05740966,1.38865782,0.00721747,0.7274062,0.26913015,0.13183594,1.92439038,1.25872768,-0.22777472,-1.26609005,-0.14017368,-0.00029834,2.14847716,0.0875,-0.21901602,,1.0,-0.18118372,0.17,-0.6320132,0.17,0.02399347,4.0,-0.11037002,-0.33360448,-0.00570967,0.08522929,0.00050177,1.0,0.0,-1.0,0.0,-0.68859215,0.0,0.6,1.11938097,-0.67195243,0.0,0.0,0.86460262,2.43830117,0.93597466,0.6767704,0.0,,0.16666667,,0.0,-0.375,-0.16422102,-1.0,-0.84577114
600036.XSHG,0.42773246,-0.60314199,-0.46543178,-1.0,-0.33118528,-0.05435149,-0.48333333,-0.35709593,-0.48,0.06566482,0.60955714,-0.48,-0.51994768,-0.04991717,-2.0970886,-0.46500981,-0.49578392,-0.93982995,-1.86736361,-0.31870416,-1.0,-0.16645791,-1.13,-0.84,0.00588043,-0.73192505,-1.0,-0.00041606,0.90779817,0.04472912,-0.87968917,0.00680567,0.07340946,0.38979725,0.0,1.53447321,0.05899354,-0.87021308,-0.32877844,-0.26584051,-0.16793789,0.71183132,0.3375,-0.80570662,,-0.48,-0.78100103,-0.48,-0.87574356,-0.48,-0.58613852,0.64166667,-0.51483847,-0.74711669,-0.76932984,0.09559613,-0.00062508,1.0,-1.0,-1.0,-1.0,-1.34108144,-1.0,,0.02867171,-0.87875785,0.0,0.0,0.14769341,1.00698505,0.8515787,0.30686857,-1.0,0.23425775,0.16666667,-0.90244698,0.0,-1.0,0.03957129,-1.0,0.47125353
600037.XSHG,0.24665579,-0.79532352,0.16137505,-0.77777778,-0.49350883,-0.33949251,-0.53333333,-0.47864652,0.04,0.34596537,0.25982491,-0.04,-0.76193591,-0.22625418,-2.24219083,-0.6677567,-0.17480487,-0.76618705,-1.40705652,-0.05123832,-1.0,-0.01104692,-0.3,-0.71,0.28944789,-0.94884014,1.0,0.00045233,1.11143512,0.06403457,-0.55860999,0.00697287,0.17814029,0.06147809,0.02636719,3.51525232,1.00975393,-0.68618327,-0.68507506,-0.2267957,0.01373037,0.41048292,0.28125,-0.87133818,,0.04,-0.60388275,0.04,-0.46758802,0.04,-0.02209997,0.9924812,-0.38216087,-0.87995928,-0.37895739,0.03091367,-0.00024667,0.0,0.0,-1.0,-1.0,-0.79607649,-1.0,0.25,0.18093603,-0.72282788,-1.0,1.0,0.86407266,0.00744343,0.99369054,0.9932546,0.0,0.5,0.05555556,-0.76527405,1.0,-1.0,-0.08072268,-1.0,0.27624309
600038.XSHG,-0.33017945,0.77244783,0.11011266,-0.11111111,-0.00296193,0.04358385,0.7,-0.03088042,1.22,0.01159752,1.23888707,1.22,-0.04774362,0.01498017,-0.62560137,-0.05461086,-0.03072902,-0.04676259,1.52433845,-0.02781394,1.0,0.90259912,0.0,-2.55,0.9754982,0.28347335,1.0,-0.00016632,1.97067497,0.29338809,2.15054897,0.00818834,0.92039152,0.9646828,0.60357666,2.63363437,1.19634535,-0.02682313,-0.01399393,-0.24247538,0.22086017,0.99689655,0.85,0.54043768,,-1.0,0.06594204,1.22,-0.49883837,1.22,-0.23103561,-1.26728111,-0.18909365,0.61232823,-0.01251521,1.44411392,-7.032e-05,0.0,0.0,0.0,-1.0,-0.69403231,0.0,1.0,21.93038,-0.8125,0.0,1.0,0.91266815,5.12592125,43.33070157,0.89993202,0.0,0.5,0.16666667,-0.78760196,0.0,-0.25,0.28893238,-1.0,-0.68027211
600048.XSHG,-0.11810767,0.93832097,-0.70756393,-0.11111111,-0.03337625,-0.57200722,-1.0,-0.09231275,0.38,0.80365893,1.29822851,0.38,-0.11870504,-0.032986,-1.43514589,-0.25310661,-0.01766244,-0.37475474,1.7108788,-0.11599598,-1.0,0.32963585,0.0,0.42,0.9826854,0.26400845,1.0,-0.00016255,1.40799476,0.11763159,2.47548135,0.00649019,0.95954323,0.38783519,0.51086426,2.86037286,0.89018128,-0.00373235,-0.9833346,-0.39588985,0.01926219,2.24770642,0.35,0.16457987,,1.0,0.19011247,1.0,-0.72585463,1.0,0.0777785,21.7804878,-0.05195726,-0.04486051,-0.00220369,0.25991021,2.735e-05,1.0,-1.0,0.0,0.0,-0.46917244,0.0,0.75,28.56376717,-0.75,-1.0,0.0,0.955585,2.65706357,2.31360066,0.95041985,0.0,0.93181077,0.66666667,-0.05269168,1.0,-0.46153846,0.39275592,0.0,-0.80260304
600050.XSHG,,,,,,,,,,,,,,,,,,,,,,,,,,,,,,,,,,,,,,,,,,,,,,,,,,,,,,,,,,,,,,,,,,,,,,,,,,,,,,,,,
600060.XSHG,-0.11810767,-0.39709892,0.21783891,-0.11111111,-0.06458436,0.67988124,0.71666667,-0.21879106,0.37,0.79598171,1.39121383,0.37,-0.05461086,0.07863633,-1.40089556,-0.05330281,-0.02241613,-0.11805101,1.32669062,-0.01604395,1.0,0.11901522,0.14,-0.77,0.87749102,-0.49312897,1.0,-0.00028018,1.89154653,0.19322326,-0.06993154,0.00713947,0.83947798,0.41595814,0.47607422,2.93149696,1.40073987,-0.01472037,-0.04871782,0.00508015,0.01898272,1.36532693,0.85,0.28397708,,0.37,0.23191781,0.37,-0.77394763,0.37,-0.08977458,7.96825397,-0.12571202,0.801898,-0.00820996,0.70133022,-3.031e-05,0.0,0.0,-1.0,-1.0,-0.87372239,0.0,0.53333333,2.80803985,-0.625,-1.0,1.0,0.97937473,1.00950155,1.17517373,0.85381668,0.0,0.5,0.69444444,-0.78775291,1.0,-0.15384615,-0.2781378,0.0,-0.77605322
600061.XSHG,-0.33017945,-0.62341183,-0.64450628,-0.44444444,-0.07806519,-0.57793584,0.13333333,-0.04632063,-0.06,0.20581509,1.1520965,0.06,-0.60039241,-0.53930579,-1.52200119,-0.48070634,-0.14966259,-0.8028123,1.44658608,-0.03998106,1.0,0.06563677,-0.29,-1.6,0.10388762,-0.96824584,1.0,0.00049405,1.35212975,0.00723261,1.69677407,0.00627433,0.16835237,0.46010464,0.16021729,1.47530817,0.89614555,-0.40648643,-1.18809775,-0.38565312,-0.0009136,0.65180467,0.28125,-0.79431794,,1.0,-0.33416843,1.0,-0.47548536,1.0,0.04930938,-8.84848485,-0.34715851,-0.50406637,-0.02553705,0.0639828,-0.00030429,1.0,-1.0,-1.0,0.0,-1.24958787,-1.0,0.25,1.67476504,-0.63561282,-1.0,0.0,0.87414493,0.7383699,1.15543482,0.37650648,-1.0,0.5,0.33333333,-0.38042414,1.0,-0.92307692,-0.22444398,0.0,0.22508039
600066.XSHG,-0.33017945,-0.56504049,-0.31819068,-0.33333333,-0.08995803,0.41515121,-1.0,-0.09822602,0.16,0.56550147,0.3832203,-0.16,-0.28122956,0.3574762,-1.9392289,-0.3381295,-0.00276416,-0.37704382,1.62561254,-0.21834755,-1.0,-0.40010545,0.08,-3.71,0.69389089,-1.0,-1.0,0.0004555,1.53954784,0.10722768,1.61089922,0.00690341,0.41990212,0.38587312,0.03625488,3.17719411,1.0048636,-0.05311875,-1.35645375,-0.21702727,0.07689696,0.3042735,0.13125,-0.96522137,,0.16,-0.00958115,0.16,-0.96926636,0.16,-0.07602221,2.50930997,-0.29505886,-0.87072232,-0.01154773,0.00980715,-0.00044707,1.0,0.0,0.0,-1.0,-0.23425651,0.0,1.0,6.30459573,-0.5,0.0,0.0,0.76475557,0.08293336,4.6081361,0.97893678,0.0,0.89526917,1.0,-0.56704731,1.0,-0.69230769,0.40242332,-1.0,-0.51150895
600068.XSHG,0.24665579,0.07977233,-0.69813824,-0.11111111,-0.04282035,-0.37655792,0.84166667,-0.04040736,0.62,0.90574975,1.37182476,0.62,-0.06442119,-0.01492907,-2.28303182,-0.25572269,-0.00777257,-0.29856115,1.895459,-0.27280986,1.0,0.05711339,0.0,0.48,0.99444626,-0.94444444,1.0,-0.00034374,1.88368283,0.15640557,2.24182427,0.00743346,0.99445351,0.3940484,0.58654785,3.64429261,1.47257328,-0.00053746,-0.05033842,-0.16631752,0.11192764,1.94174757,0.95,-0.55500443,,1.0,0.89895312,1.0,-0.96298744,1.0,0.44685397,7.08333333,-0.11132571,0.36092066,-0.00498585,0.24021264,8.458e-05,1.0,-1.0,0.0,0.0,-0.41147379,-1.0,1.0,2.49020814,-0.6875,-1.0,1.0,0.96311133,1.28703293,3.85002454,0.65570491,0.0,0.94877651,0.44444444,-0.22954668,1.0,-0.5,-0.46896766,0.0,-0.87201125
600074.XSHG,,,,,,,,,,,,,,,,,,,,,,,,,,,,,,,,,,,,,,,,,,,,,,,,,,,,,,,,,,,,,,,,,,,,,,,,,,,,,,,,,
600085.XSHG,0.24665579,0.59192081,-0.54227158,-0.11111111,-0.11277418,-0.67236591,0.53333333,-0.47996058,0.7,0.92388108,0.72261994,0.7,-0.29856115,-0.11698109,-1.98212096,-0.23250491,-0.00588748,-0.05166776,1.60797125,-0.08587518,1.0,0.00732851,0.0,-1.68,0.91310029,-0.88975652,-1.0,-0.00013798,1.26959371,0.04261143,0.56039172,0.00610372,0.70570962,0.44440811,0.30212402,2.76683276,1.00370735,-0.02696247,-1.00959506,-0.20082792,0.11101429,0.89396709,0.875,-0.68218429,,0.7,-0.06665738,0.7,-0.98316832,0.7,0.19677556,8.38571429,-0.11573424,-0.13512857,-0.00066491,0.9642861,-0.00022433,1.0,0.0,-1.0,-1.0,-0.83448731,0.0,1.0,13.27391307,-0.61248761,-1.0,1.0,0.85351223,0.25366157,1.05737126,0.97420845,0.0,0.78727569,0.66666667,-0.23686786,0.0,-0.625,0.0776799,0.0,-0.81471748
600089.XSHG,0.24665579,-0.56430065,0.25369296,-0.66666667,-0.26825566,-0.1225166,-0.05,-0.33574244,0.25,0.69454427,0.68187909,-0.25,-0.41726619,-0.06350631,-2.28853063,-0.32864617,-0.10018011,-0.42740353,-1.75432865,-0.0544532,1.0,-0.10353174,-0.01,-0.14,0.90689317,-0.76486616,1.0,0.00050156,1.46625164,0.07501573,1.38818735,0.00708463,0.737031,0.51144539,0.17700195,2.92064452,1.18833734,-0.17782095,-1.14980425,-0.21373312,0.01131354,1.72351885,0.7,-0.63961464,,0.25,-0.26468236,0.25,-0.37051662,0.25,-0.09732898,19.33333333,-0.04423453,-0.42274677,-0.01840823,0.11005566,0.00049531,1.0,0.0,-1.0,-1.0,-0.83069568,0.0,0.73333333,1.26880433,-0.72877436,-1.0,0.0,0.77049054,3.29329993,1.01300736,0.91982872,0.0,0.5,0.58333333,-0.64078303,1.0,-0.5,0.24789938,-1.0,-0.83665339
600100.XSHG,,,,,,,,,,,,,,,,,,,,,,,,,,,,,,,,,,,,,,,,,,,,,,,,,,,,,,,,,,,,,,,,,,,,,,,,,,,,,,,,,
600104.XSHG,0.24665579,0.51094901,-0.56823022,-0.44444444,-0.02339565,-0.36381762,-1.0,-0.20269382,0.07,0.40444299,0.70393787,-0.07,-0.17593198,-0.25319418,-0.39742397,-0.17887508,-0.02764857,-0.75343362,1.83371447,-0.17503139,-1.0,0.10072995,0.0,0.28,0.60405096,0.18463724,1.0,1.045e-05,1.52103539,0.13437991,2.61541019,0.00769125,0.26101142,0.38718116,0.12451172,3.19129476,1.00518752,-0.06765997,-1.42668998,-0.25698774,0.0549955,0.15673041,0.525,0.22420543,,1.0,-0.03383376,1.0,-0.75940594,1.0,0.08905325,1.34343434,-0.41148689,-0.78290751,-0.0238497,-0.07331787,-0.00037612,0.0,0.0,0.0,0.0,-0.19040554,0.0,1.0,151.22380641,-0.4375,0.0,1.0,0.81687039,-0.82260726,2.34422882,0.99936746,0.0,0.73017945,0.08333333,-0.05269168,1.0,-0.375,0.76389849,0.0,-0.22140221
600109.XSHG,0.42773246,-0.75947385,0.09694509,-0.77777778,-0.37927471,-0.46428014,-0.51666667,-0.42279895,-0.16,0.13884352,0.97950889,-0.16,-0.66415958,-0.42335899,-1.29259569,-0.6265533,-0.68061687,-0.70470896,-1.37667429,-0.1234765,-1.0,-0.02103726,-0.32,-0.71,0.05978438,-0.59090909,1.0,3.172e-05,1.30815858,0.00929389,1.56814357,0.00664391,0.0949429,0.33551341,0.00378418,3.04308041,0.61311033,-0.84999694,-1.12074828,-0.21157484,-0.01132187,0.34722222,0.2375,-0.77438662,,-0.16,-0.44295787,-0.16,-0.67324778,-0.16,0.02957857,0.15,-0.56474247,-0.9581854,-0.51945197,-0.23223958,-0.00065648,0.0,0.0,-1.0,0.0,-1.11259479,-1.0,0.25,0.68402626,-0.74991741,0.0,0.0,0.56469381,-0.16846089,1.0,0.88850369,0.0,0.5,0.44444444,-0.73126407,1.0,-1.0,-0.02730468,-1.0,0.48338369
600111.XSHG,0.03115824,-0.402085,-0.43397775,-1.0,-0.04007228,-0.59397053,-0.96666667,-0.75788436,0.16,0.56550147,0.95796488,0.16,-0.12589928,-0.00759006,-0.2123541,-0.09843035,-0.20176674,-0.95127534,-1.74289448,-0.01308219,1.0,0.58874758,-0.78,-7.2,0.99607971,-0.875,1.0,0.00082465,0.8206422,0.23647921,1.05599993,0.00537181,0.27340946,0.80313931,0.046875,3.45117365,0.33181494,-0.54678848,-0.75144467,-0.73760933,0.13765146,1.40911271,0.09375,0.95675049,,0.16,-0.41858213,0.16,-0.74410886,0.16,-0.40586736,6.71620227,-0.11819695,0.20575383,-0.03444115,0.53810132,0.00041596,1.0,0.0,-1.0,0.0,-1.65150016,0.0,,2.91924839,-0.98083911,0.0,1.0,0.99998034,4.92442503,0.49288274,0.99711393,0.0,,0.11111111,,0.0,-0.125,-0.01332248,0.0,-0.03065604
600115.XSHG,0.24665579,-0.85881376,-0.6723909,-0.44444444,-0.24411487,-0.53887881,-1.0,-0.1803548,0.01,0.28650768,0.65521897,-0.01,-0.28417266,-0.46419148,-2.18274958,-0.3557881,-0.22623845,-0.49869196,1.57432212,-0.15903192,-1.0,-0.00935904,-0.12,-0.35,0.26363933,-0.9834151,-1.0,0.00048483,1.59747706,0.0475426,1.68334689,0.00567583,0.22838499,0.14192283,0.11016846,2.26005914,0.51442693,-0.44817928,-1.23932702,-0.09000247,0.00053492,1.2372093,0.309375,-0.79672489,,1.0,-0.39011577,0.01,-0.77032386,0.01,0.00846782,0.1,-0.625,-0.50652056,-0.08875611,-0.01441812,-0.00116582,0.0,0.0,-1.0,0.0,-0.444939,0.0,0.26666667,2.1687213,-0.50148662,-1.0,0.0,0.56072391,-0.03848426,0.97478214,0.46670287,-1.0,0.80228385,0.30555556,-0.45265214,1.0,-1.0,-0.28690902,-1.0,0.0
600118.XSHG,-0.33017945,0.49593224,-0.5123939,-0.11111111,-0.02643603,-0.11732361,-1.0,-0.20499343,0.58,0.05390395,1.23502231,0.58,-0.19097449,-0.04851324,-1.55017491,-0.38652714,-0.02625458,-0.27338129,1.25481869,-0.03989388,1.0,0.32841607,0.0,-0.53,0.92878144,-0.56469244,-1.0,-0.00029371,1.7587156,0.21784039,2.30470129,0.00772808,0.77520392,0.60039241,0.48339844,3.17361767,1.53375093,-0.0535446,-0.03250186,-0.40285373,0.11903733,1.0,0.4,-0.28950647,,0.58,0.09208228,0.58,-0.74576834,0.58,-0.05036393,64.92857143,-0.01615692,-0.15372559,-0.01314884,0.35645541,2.474e-05,0.0,0.0,0.0,-1.0,-0.41938675,0.0,1.0,2.46817399,-0.75,-1.0,1.0,0.63338583,3.05352553,1.73568497,0.90002719,-1.0,0.5,1.0,-0.54551387,0.0,-0.69230769,0.16668215,0.0,-0.83936324
600150.XSHG,-0.33017945,0.63827107,-0.15408209,-0.11111111,-0.11290926,-0.33197237,0.46666667,-0.11498029,0.45,0.07089187,1.18954214,0.45,-0.32995422,-0.09104223,-0.84432956,-0.19064748,-0.01739934,-0.22956181,1.52368507,-0.04456474,1.0,0.65508879,0.0,-1.04,0.93531526,0.16666667,1.0,-0.00017278,1.66497379,0.24429553,2.14017181,0.0072935,0.75008157,0.57096141,0.54382324,2.06087442,1.3190128,-0.02290168,-0.09391895,-0.28585477,0.11429605,0.92453626,0.6,0.05247855,,0.45,0.06638246,0.45,-0.96880186,0.45,-0.02817707,4.03333333,-0.15394418,-0.22854669,-0.01520248,0.28171741,8.969e-05,0.0,0.0,0.0,-1.0,-0.6181998,0.0,1.0,1.79944157,-0.75,-1.0,1.0,0.66986666,1.96995351,1.84938088,0.99299479,-1.0,0.76019576,1.0,-0.40717781,0.0,-1.0,0.09304639,-1.0,-0.6518724
600153.XSHG,0.42773246,0.17087393,-0.4977163,-0.77777778,-0.53263595,-0.31366748,-0.75,-0.52595269,-0.24,0.11417837,0.82179189,-0.24,-0.48332243,-0.2790325,-1.68974064,-0.50719424,-0.62499363,-0.76651406,-1.72002614,-0.05092814,1.0,0.08969828,-0.08,-0.51,0.0695851,-0.96253342,-1.0,0.00028853,1.2757536,0.05441444,1.19635152,0.00655307,0.08450245,0.11674297,0.01403809,1.42128272,0.33877585,-0.85979871,-1.44989744,-0.39707855,-0.01014592,0.11895674,0.4875,-0.67607015,,-0.24,-0.49423821,-0.24,-0.94855626,-0.24,-0.19400719,-0.30929791,-0.79528977,-0.56866762,-0.74756548,-0.12819243,-0.00067885,0.0,-1.0,-1.0,0.0,-1.67161227,0.0,0.4,1.2158389,-0.72745292,0.0,0.0,0.76470967,-3.44830526,0.89044437,0.7030158,-1.0,0.26721044,0.41666667,-0.79380098,1.0,-0.125,0.08583495,-1.0,0.58171745
600157.XSHG,0.03115824,-0.30102198,-0.03644154,-0.11111111,-0.15367313,-0.04227012,0.2,-0.18856767,-0.04,0.22655995,0.96450693,-0.04,-0.32275997,-0.0285448,-2.72759063,-0.27403532,-0.50262246,-0.31818182,1.4704345,-0.04218587,1.0,-0.00313415,-0.03,-0.3,0.12479582,-0.875,-1.0,0.00048074,1.44121887,0.06173169,1.75226967,0.00706299,0.11549755,0.11543492,0.04162598,2.32602308,1.14160757,-0.59758415,-1.3957075,-0.04240375,-0.00655958,19.64583333,0.6,-0.83005318,,1.0,-0.12303717,-0.04,-0.85784798,-0.04,0.03639987,-1.33333333,-0.35557423,-0.63098496,-0.26142273,0.03643136,-6.898e-05,0.0,-1.0,-1.0,0.0,-1.19996703,0.0,0.26666667,0.79959436,-0.53782623,-1.0,0.0,0.85771282,0.44589194,0.97906141,0.55458677,0.0,0.34910277,0.16666667,-0.23817292,1.0,-1.0,-0.34307397,-1.0,0.2484472
600170.XSHG,-0.33017945,-0.8673302,-0.54264493,-0.11111111,-0.16635582,-0.55230703,-1.0,-0.16064389,0.04,0.33894152,0.87325194,0.04,-0.21157619,-0.34112017,-0.59109664,-0.15827338,-0.0535747,-0.54054938,1.71512578,-0.03924948,-1.0,-0.00334556,0.0,-0.32,0.40248285,-0.49287133,1.0,7.061e-05,1.75720839,0.03898709,-0.10363644,0.00640722,0.38384992,0.11118378,0.29052734,1.97641103,0.90737964,-0.05640322,-1.25963336,-0.01308534,0.00604877,13.51851852,0.6,-0.64175616,,1.0,-0.23452045,0.04,-0.22340073,0.04,-0.00582816,,-0.20789377,-0.33916988,-0.08333012,0.01167283,4.281e-05,0.0,0.0,-1.0,0.0,-0.42218925,0.0,0.5,15.50135476,-0.625,0.0,1.0,0.90767425,0.011251,1.16158635,0.97872414,0.0,0.5,1.0,-0.05269168,1.0,-0.53846154,-0.02525487,-1.0,-0.58823529
600177.XSHG,0.03115824,-0.07721251,-0.47538251,-0.33333333,-0.16670838,0.22231347,-1.0,-0.1911958,0.07,0.40444299,0.7922128,-0.07,-0.30510137,0.14073055,-1.4556894,-0.3793329,-0.05197157,-0.48332243,1.62855276,-0.09958375,-1.0,0.01752032,0.11,-1.17,0.55929435,-0.97590007,-1.0,-0.00024186,1.85747051,0.1300167,1.67416816,0.00642043,0.37911909,0.69293656,0.22851563,2.74053036,0.47276003,-0.14775205,-0.19275657,-0.23908299,0.00939011,0.74390244,0.15,-0.95211667,,0.07,-0.16312425,0.07,-0.99933709,0.07,-0.05954917,2.125,-0.25959582,-0.65446907,-0.01277071,0.02689738,-1.827e-05,1.0,-1.0,0.0,-1.0,-0.5776459,-1.0,1.0,1.92632458,-0.75,-1.0,0.0,0.82254501,0.41743575,1.43259556,0.72010658,-1.0,0.97879282,0.33333333,-0.49755302,1.0,-0.5,0.45202074,0.0,-0.66115702
600188.XSHG,0.03115824,0.21956158,0.0624356,-0.55555556,-0.01322089,0.19041794,0.23333333,-0.03515112,0.06,0.37259066,0.87934256,0.06,-0.65827338,0.06688337,-2.37735981,-0.74493133,-0.15929262,-0.66252453,1.68670369,-0.03718148,1.0,-0.06116319,0.16,-3.7,0.81836001,-0.5976143,1.0,0.00066047,1.48237221,0.20460345,-0.56180884,0.00657587,0.27536705,0.4882276,0.19226074,1.527874,0.40111809,-0.24326935,-1.66458299,-0.27174501,0.02820742,1.61510353,0.34375,-0.87636123,,1.0,0.31669563,1.0,-0.75748602,1.0,0.38987259,5.99431818,-0.14128362,0.00285397,-0.02591262,0.34004696,3.081e-05,0.0,-1.0,-1.0,0.0,-1.32080448,-1.0,0.75,0.59230552,-0.72646184,0.0,0.0,0.84799355,3.83169778,0.55435685,0.41922775,0.0,,0.16666667,,0.0,-1.0,-0.23713739,0.0,-0.0505689
600196.XSHG,0.03115824,-0.09430429,-0.46098672,-0.44444444,-0.05004298,-0.01425444,-1.0,-0.25131406,0.13,0.50882065,1.15897283,-0.13,-0.48103336,-0.00780912,-2.19717518,-0.52289078,-0.08565042,-0.33976455,1.79059131,-0.1265023,-1.0,-0.4475771,0.0,0.13,0.80921268,-0.73192505,-1.0,-0.00034208,1.31349934,0.08581156,0.35384701,0.00760135,0.36019576,0.58436887,0.02636719,2.19537454,1.28809285,-0.21474925,-0.93169456,-0.27514012,0.07856548,0.78136882,0.075,-0.94384195,,0.13,-0.04149468,0.13,-0.98707325,0.13,-0.0167919,3.3015873,-0.16037908,-0.74799625,-0.08484297,1.1201599,-0.00017142,0.0,-1.0,-1.0,0.0,-1.18430597,0.0,0.625,0.74450504,-0.5,-1.0,0.0,0.05814679,2.23020601,1.02028594,0.78102655,0.0,0.7040783,0.94444444,-0.32920065,1.0,-1.0,-0.10325286,-1.0,-0.32702238
600208.XSHG,-0.33017945,-0.83551838,-0.55538821,-0.11111111,-0.17304674,0.62764601,-1.0,-0.28219448,0.04,0.22345639,0.2042912,-0.04,-0.36952256,0.42466875,-1.08826024,-0.31425768,-0.01789392,-0.11052976,1.57530219,-0.05529837,-1.0,-0.00932417,0.0,0.08,0.35315256,-0.53585314,-1.0,3.568e-05,1.7318152,0.22582521,0.03048736,0.00647691,0.42202284,0.5382603,0.26660156,3.74353028,0.65434876,-0.05292467,-0.19781664,-0.00734312,0.01274513,7.17171717,0.5,-0.83771566,,0.04,-0.20925359,0.04,-0.60842382,0.04,0.00253773,4.5,-0.17443535,-0.83817145,-0.03148728,0.08167088,0.00012023,1.0,0.0,-1.0,0.0,-0.41526541,0.0,0.75,0.34448984,-0.5625,-1.0,1.0,0.83518338,0.0982568,1.0,0.79904302,-1.0,0.5,0.33333333,-0.15334421,1.0,-0.91666667,0.60008233,0.0,-0.6557377
600221.XSHG,0.24665579,-0.7726765,-0.53046466,-0.11111111,-0.18900175,-0.08627685,-1.0,-0.22798949,0.0,0.27425678,0.83754293,0.0,-0.18868542,-0.06807165,-0.37780771,-0.15565729,-0.36274679,-0.24362328,1.54295982,-0.0365871,-1.0,-0.00036082,-0.02,-0.19,0.20875531,-0.92095725,1.0,0.00048243,1.6844692,0.01300554,1.84028798,0.0060378,0.18662316,0.38358404,0.14227295,2.18270041,0.43981354,-0.57954775,-1.20654399,-0.0040821,0.00066522,29.38095238,0.3,-0.94573079,,1.0,-0.28667624,0.0,-0.73298083,0.0,0.0,0.5,-0.49244727,-0.59677215,-0.41102691,-0.00089536,-0.00094865,1.0,0.0,-1.0,0.0,-1.12677217,0.0,0.25,1.85832263,-0.39279815,-1.0,0.0,0.99867774,-0.00290739,0.99204672,0.28778634,0.0,0.48189233,0.41666667,-0.35989848,1.0,-0.61538462,-0.54696951,-1.0,0.47619048
600233.XSHG,-0.33017945,-0.65666885,-0.77178592,-0.11111111,-0.10816965,-0.09556576,-1.0,-0.51478318,0.15,0.54034629,0.5858035,0.15,-0.52844997,-0.07364701,-2.13211571,-0.55068672,-0.02940521,-0.21059516,1.42110421,-0.09620188,-1.0,0.01186613,0.0,0.0,0.43645867,-0.60350985,-1.0,7.017e-05,1.51248362,0.14183392,2.48779532,0.00680839,0.38303426,0.51242642,0.21972656,1.97564687,0.68239905,-0.05649279,-0.83216135,-0.21501177,0.03408692,0.73641174,0.46875,-0.80715994,,0.15,-0.13131358,0.15,-0.98512888,0.15,-0.02588697,6.5,-0.08661193,-0.93251052,-0.03258571,0.25614867,-0.00038776,1.0,0.0,0.0,0.0,-0.71958457,0.0,0.25,0.8872941,-0.5,-1.0,1.0,0.85837779,0.20550947,1.23930007,0.64235522,0.0,0.92071778,0.33333333,-0.15660685,1.0,-1.0,0.42243753,0.0,-0.58091286
600256.XSHG,0.42773246,-0.62582785,-0.02318444,-1.0,-0.31008859,-0.3367718,-0.73333333,-0.260841,-0.01,0.25530872,0.93107515,0.01,-0.3969915,-0.28546155,-2.08957894,-0.40385873,-0.44738832,-0.75474166,-1.57007514,-0.17776954,-1.0,-0.01239245,-0.14,-0.46,0.15942502,-0.94995789,-1.0,0.00053828,1.53260157,0.00880744,1.54301582,0.00640952,0.26508972,0.34009156,0.03131104,3.96936951,0.57678318,-0.69025878,-1.2102448,-0.09254157,0.00155153,10.71962617,0.45,-0.89409284,,-0.01,-0.3488288,-0.01,-0.95181518,-0.01,-0.01855603,8.4,-0.10113121,-0.26570429,-0.5242536,0.0393843,0.00056768,1.0,0.0,-1.0,0.0,-1.37240356,0.0,1.0,1.7968819,-0.64023786,0.0,1.0,0.7216954,0.95025037,0.97717978,0.86115578,0.0,0.3817292,0.05555556,-0.41141925,1.0,-0.61538462,0.09533847,-1.0,-0.0990099
600271.XSHG,-0.33017945,0.40236416,-0.20910644,-0.11111111,-0.04381245,0.52437723,-1.0,-0.43659658,0.27,0.71153218,0.84542506,0.27,-0.56801831,0.28692987,-1.27159791,-0.54153041,-0.04361162,-0.06017005,1.27049984,-0.15029692,-1.0,0.13661008,0.0,-1.07,0.79385822,-0.28571429,-1.0,0.00028987,1.76408912,0.13704177,0.12934621,0.00714423,0.63556281,0.93884892,0.22216797,2.30486433,1.31272324,-0.0333821,-0.14829441,-0.12826718,0.00138902,1.03539405,0.8,-0.45265935,,0.27,-0.12262361,0.27,-0.48316832,0.27,-0.01067364,15.19230769,-0.06579316,-0.38728781,-0.02021298,0.44873267,-0.00011634,0.0,0.0,-1.0,-1.0,-0.50708869,0.0,1.0,3.03376469,-0.5625,0.0,1.0,0.23991273,0.87389155,1.05966019,0.78187472,0.0,0.95399674,1.0,-0.63836046,0.0,-0.92307692,0.72043791,0.0,-0.93655589
600276.XSHG,0.24665579,-0.24693657,0.10957453,-0.11111111,-0.08443485,-0.3548273,-0.05,-0.04270696,1.06,0.9632473,0.19630099,1.06,-0.28548071,-0.05243352,-2.11947243,-0.29954218,-0.01710365,-0.22858077,-1.81411303,-0.02020578,1.0,0.02604214,-0.02,0.65,0.96308396,-0.77357371,1.0,0.00024392,0.72909567,0.05613628,-0.00980492,0.0077567,0.66786297,0.61608895,0.0737915,3.32395027,1.46268304,-0.16243517,-1.25917288,-0.33909944,0.14426278,0.93162681,0.85,-0.74417988,,1.0,-0.67803807,1.0,-0.45973597,1.0,-0.00475531,5.08445946,-0.14318284,0.08090255,-0.00065637,0.3229517,0.00014949,0.0,-1.0,0.0,-1.0,-1.01401253,0.0,1.0,0.47463993,-0.864222,-1.0,1.0,0.52556965,0.33341715,1.17283495,0.40430505,0.0,0.5,0.27777778,-0.77354294,0.0,-0.625,-0.48253531,-1.0,-0.72891073
600297.XSHG,0.03115824,0.41076284,-0.58683207,-0.11111111,-0.18337862,-0.10623359,-1.0,-0.1478318,0.15,0.54459327,0.73671242,0.15,-0.2851537,-0.02641917,-1.18627253,-0.088293,-0.03750621,-0.34434271,1.55178046,-0.15901792,-1.0,0.09129338,0.0,0.06,0.74714146,-0.03846154,1.0,-9.841e-05,1.54688729,0.12731684,0.13664316,0.00660069,0.76280587,0.53139307,0.47790527,3.39121723,0.77484109,-0.02173718,-0.20198585,-0.08463555,0.05712989,1.35575221,0.3,0.57583717,,1.0,0.03771023,0.15,-0.44182963,1.0,0.03580268,-15.2,-0.23168648,-0.21482864,-0.00038411,0.02348995,-1.913e-05,1.0,-1.0,-1.0,0.0,-0.72420046,-1.0,1.0,77.8116416,-0.46977205,-1.0,0.0,0.87770393,0.19452932,1.12055847,0.93930763,0.0,0.68841762,0.83333333,-0.14257749,0.0,-0.625,-0.39913601,0.0,-0.66390041
600309.XSHG,0.42773246,0.1864256,-0.0925518,-1.0,-0.90220322,-0.41189837,-0.96666667,-0.54303548,-0.23,0.1167919,0.87949805,0.23,-0.37835186,-0.16465138,-1.79120907,-0.42740353,-0.25571216,-0.95977763,-1.95459,-0.01447563,-1.0,-0.22037967,-0.44,-3.08,0.01796798,-0.48038446,1.0,0.0004495,0.63260157,0.0695551,1.01506792,0.00618901,0.28613377,0.43982995,0.03515625,2.55887276,0.53534302,-0.67050209,-1.62519352,-0.62107476,-0.0099176,0.06843425,0.05625,-0.45799601,,-0.23,-0.90141648,-0.23,-0.96765677,-0.23,-0.07174126,0.13205128,-0.6298259,0.01832944,-0.53492681,-0.1260594,-0.00065003,1.0,-1.0,-1.0,-1.0,-1.14754369,0.0,,1.85793015,-0.98282128,0.0,1.0,0.86386882,-3.40985987,0.00625836,0.93407863,-1.0,0.1771615,0.52777778,-0.9725938,1.0,-0.5,0.56162079,-1.0,-0.11417697
600332.XSHG,0.24665579,0.3533316,-0.59594939,-0.33333333,-0.10247136,-0.05950974,-1.0,-0.38929041,0.53,0.87683763,0.6093711,0.53,-0.21451929,-0.01191365,-1.08262239,-0.16644866,-0.02481055,-0.17822106,1.59817053,-0.72752753,-1.0,-0.2184169,0.0,0.21,0.88827181,-0.09869275,-1.0,-0.00026041,1.70773263,0.04481008,2.44781264,0.00716026,0.80424144,0.49444081,0.08886719,4.25470666,1.21831377,-0.04663812,-1.02230515,-0.06552164,0.06114823,1.02460938,0.65,-0.18843998,,0.53,-0.42601438,0.53,-0.81815182,0.53,0.04126103,61.95918367,-0.01781727,0.28973964,-0.00259346,0.84533568,-0.00033956,1.0,0.0,-1.0,-1.0,-1.09545005,0.0,0.75,16.35029431,-0.73042616,-1.0,1.0,0.68286138,2.12929304,1.01165708,0.93793425,0.0,0.5,0.44444444,-0.38792822,1.0,-0.625,0.06445549,0.0,-0.98256735
600340.XSHG,0.24665579,-0.53005693,0.03505331,-0.77777778,-0.33290357,-0.15865903,-0.2,-0.89421813,0.24,0.67918981,0.60005116,-0.24,-0.75768476,-0.0409124,-2.07392121,-0.71288424,-0.01642792,-0.81687377,-1.77589023,-0.01092344,-1.0,-0.4614045,-1.16,-0.9,0.91081346,-0.82773811,-1.0,0.00025668,1.07667104,0.1788565,-0.39576134,0.00587447,0.25905383,0.22138653,0.15380859,2.79430734,1.31523575,-0.61865412,-1.14239234,-0.55854406,0.00607391,0.70029347,0.2375,-0.91894814,,-1.0,-0.83233325,0.24,-0.98910891,0.24,-0.03154525,1.53691983,-0.34608553,-0.8912355,-0.01652984,0.95246477,0.00033917,0.0,-1.0,-1.0,-1.0,-1.85822618,-1.0,1.0,0.86104688,-0.95672283,-1.0,0.0,0.55918399,1.67897023,1.0,0.64455159,-1.0,0.28613377,0.05555556,-0.93648191,0.0,-0.875,-0.22937979,-1.0,-0.08559201
600352.XSHG,0.24665579,0.17752563,-0.45058934,-1.0,-0.15620235,-0.5966129,-0.96666667,-0.25032852,0.27,0.71643254,1.09271918,-0.27,-0.65958143,-0.05238934,-1.75814607,-0.63669065,-0.02188208,-0.75441465,-1.69846455,-0.0186041,-1.0,-0.15079786,-0.55,-2.16,0.96798432,-1.0,-1.0,0.00061432,0.92516383,0.09152604,1.15661085,0.00576127,0.52267537,0.23283192,0.05865479,2.97565256,0.54380141,-0.3986398,-0.46053449,-0.55968147,-0.01086534,1.97798742,0.1375,-0.78984132,,0.27,-0.12774986,0.27,-0.79223365,0.27,-0.16455799,6.07142857,-0.14060158,-0.0046394,-0.01704213,0.21678072,0.00051166,1.0,0.0,-1.0,0.0,-1.88822948,0.0,,1.15967109,-0.89692765,0.0,0.0,0.92253336,3.30786718,0.81137142,0.9800888,0.0,,0.11111111,-0.87701492,1.0,-0.5,0.68890489,-1.0,-0.26365348
600362.XSHG,0.03115824,-0.13614139,-0.59270617,-0.66666667,-0.057249,-0.56238607,-0.86666667,-0.02365309,0.29,0.72966351,0.86197718,0.29,-0.293983,-0.20748582,-1.27427922,-0.13211249,-0.30671041,-0.83878352,-1.790918,-0.00547282,1.0,0.527488,0.2,-5.06,0.98856583,-0.76696499,1.0,0.00065985,0.53155308,0.20507785,1.36552641,0.00690345,0.52561175,0.81098757,0.13330078,1.74608209,1.03233704,-0.30225298,-1.71164786,-0.59553169,0.05361621,1.29465095,0.25,0.42805366,,1.0,0.09234789,1.0,-0.81081978,1.0,-0.41454688,7.75909091,-0.10751288,-0.6766605,-0.01862649,0.42865726,0.00040478,1.0,0.0,-1.0,-1.0,-1.92647544,0.0,,1.62828315,-0.75421209,0.0,1.0,0.99443222,6.07234458,1.0,0.92053713,0.0,,0.11111111,,0.0,-0.125,0.7921642,0.0,-0.22914757
600369.XSHG,0.42773246,-0.7765856,0.29686452,-1.0,-0.38854339,-0.29293079,-0.71666667,-0.2913929,-0.03,0.23587063,0.86828759,-0.03,-0.3852191,-0.244077,-1.12899395,-0.27959451,-0.43399876,-0.80935252,-1.3485789,-0.1287641,-1.0,-0.01265443,-0.14,-0.88,0.13492323,-0.20044593,1.0,0.00035908,1.46952818,0.07343081,1.48838271,0.00734874,0.14584013,0.30640942,0.0,2.95283584,0.97762439,-0.80221333,-0.97937779,-0.10626485,-0.01478915,1.98381877,0.325,-0.56749024,,1.0,-0.38154262,-0.03,-0.60348799,-0.03,-0.00962431,0.15584416,-0.56012143,-0.2032781,-0.78075324,-0.00098658,-0.00063454,0.0,0.0,0.0,0.0,-1.37734916,-1.0,0.25,5.10580666,-0.625,0.0,0.0,0.9109577,-0.01472797,0.98482282,0.98583754,-1.0,0.28417618,0.27777778,-0.70583677,1.0,-0.75,0.37439375,0.0,0.20942408
600372.XSHG,-0.33017945,0.79198885,0.45635708,-0.11111111,-0.01502774,0.70768142,0.55,-0.31406045,0.38,0.081836,1.28453502,0.38,-0.02779595,0.20451344,-0.61265487,-0.04153041,-0.01944158,-0.18606933,1.22476315,-0.0101678,1.0,0.49296273,0.0,-1.1,0.84939562,-0.19293591,1.0,0.00011556,1.93315858,0.22220817,0.4324852,0.00751222,0.85154976,0.77370831,0.30944824,2.58324121,1.23826849,-0.0136156,-0.08994982,-0.04699319,0.0907922,1.375,0.75,0.39100358,,0.38,0.25462401,0.38,-0.19913707,0.38,-0.00778569,29.98333333,-0.03601248,0.54375768,-0.01381493,0.91408995,-5.182e-05,0.0,0.0,0.0,0.0,-0.76557864,0.0,0.5,8.52480706,-0.75,0.0,1.0,0.71619191,1.7017067,1.59992951,0.98498034,0.0,0.81239804,1.0,-0.36378467,0.0,-0.5,-0.01730306,0.0,-0.61806656
600373.XSHG,-0.33017945,0.00978603,0.32637107,-0.55555556,-0.13001019,0.25687348,-1.0,-0.69218134,0.26,0.70058804,0.36617745,-0.26,-0.6147809,0.16252382,-0.7742387,-0.50032701,-0.04468095,-0.74689339,-1.640967,-0.0602297,-1.0,-0.52499655,0.38,-2.83,0.78895786,-0.7484552,-1.0,4.612e-05,1.08964613,0.16028706,-0.14772109,0.00640085,0.46704731,0.93427077,0.01281738,2.07393493,1.27470458,-0.30961498,-0.69189625,-0.25236897,-0.02055908,1.06912638,0.25,-0.60741583,,-1.0,-0.71445442,0.26,-0.6734152,0.26,-0.0628605,5.85714286,-0.14479461,-0.45598673,-0.01167249,1.05379861,-0.00018344,0.0,0.0,-1.0,-1.0,-0.97708539,0.0,0.57142857,2.28738061,-0.625,0.0,1.0,0.66786077,2.47654564,1.14326263,0.58629581,0.0,0.50897227,0.05555556,-0.85807504,0.0,-1.0,-0.51428545,-1.0,-0.46966732
600376.XSHG,-0.11810767,0.65519055,-0.68732268,-0.33333333,-0.09836575,-0.04291518,-1.0,-0.20893561,0.06,0.38745508,0.50610157,-0.06,-0.06572923,-0.02332775,-0.90210369,-0.25997384,-0.01145214,-0.19947678,1.63475988,-0.08851426,1.0,0.05888034,0.0,-0.68,0.37373407,0.26352314,1.0,-0.00047354,1.45222805,0.15389394,2.08066537,0.00449129,0.2721044,0.25637672,0.2947998,2.82165744,0.37279478,-0.17320513,-1.24080955,-0.05485846,0.00605883,0.71528861,0.0875,0.03511801,,0.06,-0.10823194,0.06,-0.99138217,0.06,-0.00744071,2.44594595,-0.28953054,-0.08560019,-0.07914814,0.15769214,-0.00048924,1.0,0.0,-1.0,0.0,-0.99027366,-1.0,0.5,125.63679965,-0.6875,-1.0,1.0,0.83673665,0.37613135,1.24199021,0.97179224,-1.0,0.99282219,0.5,,1.0,-0.125,-0.05491809,0.0,-0.21276596
600383.XSHG,-0.11810767,0.56113012,-0.7184491,-0.11111111,-0.02002933,-0.71953761,0.675,-0.0804862,0.34,0.77262333,1.08494288,0.34,-0.15042511,-0.09453951,-1.20000426,-0.48266841,-0.02018955,-0.59614127,1.75400196,-0.09846841,1.0,0.30855744,0.0,-1.72,0.94903626,-0.79056942,1.0,-0.00014482,1.64944299,0.12849436,0.60240534,0.00575814,0.86508972,0.30967953,0.65917969,2.83020366,0.7583424,-0.01237646,-1.2697824,-0.49686295,0.00354862,1.6940407,0.34375,-0.52046192,,1.0,0.26620185,1.0,-0.83073349,1.0,0.19476642,4.97093023,-0.18219021,-0.36053765,-0.01010062,0.2262668,-2.685e-05,1.0,-1.0,0.0,0.0,-0.24711507,0.0,,3.36785661,-0.75,-1.0,0.0,0.86828584,2.35809066,2.94015887,0.70626152,0.0,0.5,0.16666667,-0.05269168,1.0,-0.23076923,-0.79741422,0.0,-0.61876248
600406.XSHG,-0.11810767,0.43871834,-0.22675871,-0.11111111,-0.08383491,-0.59549828,0.61666667,-0.09691196,0.32,0.75890232,1.45599955,-0.32,-0.49542184,-0.05873033,-1.99465336,-0.69587966,-0.02785201,-0.39895356,1.73734074,-0.00096892,1.0,-0.17097072,0.0,-1.14,0.8850049,-0.80467847,-1.0,9.232e-05,1.49655963,0.22348184,0.26034928,0.00612969,0.445677,0.54087639,0.35070801,3.46541429,0.94939034,-0.10414377,-0.23240492,-0.18336956,0.04819517,0.55182774,0.9,-0.76615716,,0.32,-0.19620036,0.32,-0.86120291,0.32,-0.00455145,2.48989899,-0.29637,0.10137808,-0.02855496,0.09985606,-0.00012148,1.0,0.0,-1.0,0.0,-0.48219585,0.0,1.0,1.08998177,-0.65906838,0.0,0.0,0.45443186,0.99297465,1.02163113,0.82262521,-1.0,,0.61111111,,0.0,,0.26355556,-1.0,-0.43478261
600415.XSHG,0.03115824,-0.40642349,-0.18366542,-0.44444444,-0.1364533,-0.09842218,-0.125,-0.25328515,0.0,0.27425678,1.00299469,0.0,-0.4440811,-0.07678349,-1.20284071,-0.58763898,-0.4777232,-0.76684107,-1.65174779,-0.01185358,1.0,-0.00014043,-0.12,-0.2,0.20875531,-0.79349205,-1.0,0.00028094,1.7318152,0.11084733,1.692436,0.00654702,0.19021207,0.32374101,0.0,2.28076646,0.52832459,-0.54712443,-0.62062393,-0.06645236,0.00668993,2.77222222,0.9,-0.71709093,,0.0,0.07204299,0.0,-0.97282068,0.0,-0.08064031,1.66666667,-0.14795365,-0.33043693,-0.72205352,1.13842413,0.00032865,0.0,-1.0,-1.0,0.0,-0.93158589,-1.0,0.73333333,0.04165671,-0.5,-1.0,0.0,0.31205558,0.49776987,1.0,0.88065454,-1.0,0.5,0.16666667,-0.35008157,0.0,-0.84615385,0.75633251,-1.0,0.09950249
600436.XSHG,0.03115824,-0.05842842,-0.2073691,-0.22222222,-0.03534938,-0.06955941,-1.0,-0.69250986,0.77,0.93417184,0.53681569,0.77,-0.41137999,-0.02080857,-0.34322371,-0.12034009,-0.05185284,-0.10235448,1.68311009,-0.2309686,-1.0,-0.27388005,0.0,0.06,0.90885332,-0.50830425,1.0,-0.00018823,0.85773263,0.11517755,0.24708254,0.007485,0.61924959,0.93950294,0.07617188,3.6278637,1.40927544,-0.12787516,-1.14120383,-0.27854797,-0.07171789,0.97728791,0.40625,-0.57315643,,0.77,-0.75243238,0.77,-0.36625787,0.77,0.05662071,7.8270202,-0.11912253,-0.44741097,-0.01099542,1.81620779,-0.00061183,0.0,0.0,-1.0,-1.0,-0.6457303,0.0,0.41666667,2.89815706,-0.89626693,0.0,1.0,0.9866607,4.97792361,1.0,0.78379966,0.0,0.4959217,0.88888889,-0.71484502,0.0,-1.0,-0.00776599,0.0,-0.88911089
600446.XSHG,-0.33017945,0.2138699,-0.09463372,-0.77777778,-0.22254364,0.21028153,-1.0,-0.82720105,0.09,0.43809213,0.17985342,0.09,-0.84859385,0.18478868,-2.56271066,-0.80967953,-0.15155001,-0.58567691,-1.01372101,-0.22962454,-1.0,0.042794,0.0,-0.53,0.57040183,-0.94609983,-1.0,-2.173e-05,0.54764089,0.05714222,0.08206303,0.00745279,0.33768352,0.70372793,0.10552979,1.71884542,1.27279659,-0.38472194,-0.77341927,-0.28709784,-0.02222167,1.05860011,0.3125,-0.98117457,,-1.0,-0.56740478,0.09,-0.9640264,0.09,-0.0016328,-3.3,-0.2782033,0.0182433,-0.05998684,0.37070187,-0.00020495,0.0,-1.0,-1.0,-1.0,-0.8214639,0.0,0.25,0.2649905,-0.56425504,-1.0,0.0,0.87274121,1.0357865,1.17785797,0.13690878,0.0,0.5177814,0.16666667,-0.82299735,1.0,-0.375,-0.02449579,0.0,-0.2425876
600482.XSHG,-0.33017945,-0.04276746,-0.23515564,-0.11111111,-0.08246737,-0.01780261,0.61666667,-0.25394218,0.13,0.50882065,0.71885685,0.13,-0.19784173,-0.01358528,-0.57991952,-0.05068672,-0.03908139,-0.33485939,1.26200588,-0.28966412,1.0,0.61296011,0.0,0.0,0.54818687,-0.21821789,1.0,-0.00028675,1.93823722,0.14620975,2.57475662,0.0071835,0.37618271,0.57848267,0.43835449,2.50168057,1.13365472,-0.05711983,-0.87099094,-0.20493312,-0.0016325,0.12601958,0.75,0.56155432,,0.13,0.03918636,0.13,-0.91017567,0.13,0.05950996,-0.47474747,-0.63410187,0.35340706,-0.06554859,-0.42913912,-0.00104758,0.0,-1.0,0.0,0.0,-0.38872404,0.0,,6.14425862,-0.8125,0.0,1.0,0.95720885,-0.87566346,2.29501926,0.87066774,-1.0,0.76247961,0.88888889,,1.0,-0.125,0.42115583,0.0,-0.33271719
600485.XSHG,,,,,,,,,,,,,,,,,,,,,,,,,,,,,,,,,,,,,,,,,,,,,,,,,,,,,,,,,,,,,,,,,,,,,,,,,,,,,,,,,
600489.XSHG,0.24665579,-0.80818724,-0.55139062,-0.66666667,-0.17692721,-0.65076312,-0.15,-0.0870565,0.18,0.59653708,0.87328376,-0.18,-0.5353172,-0.40491454,-1.97455151,-0.47155003,-0.12304196,-0.57848267,-1.29500163,-0.03359408,-1.0,-0.13130069,-0.22,-1.23,0.92028749,-0.97590007,-1.0,0.00051995,1.3956422,0.05705452,1.41850695,0.00695213,0.35399674,0.323414,0.14831543,2.78216898,0.49496909,-0.3752507,-0.54135314,-0.23799221,0.02481724,1.64763458,0.375,-0.92856342,,1.0,-0.27494052,1.0,-0.65482066,1.0,-0.00257955,14.5,-0.06453282,-0.83793849,-0.0108618,0.16152594,0.00050263,0.0,-1.0,-1.0,0.0,-1.44394988,-1.0,0.26666667,0.55130359,-0.68946151,-1.0,0.0,0.97559777,1.38612316,0.97186925,0.60237587,0.0,0.72561175,0.19444444,-0.4776509,1.0,-0.875,-0.11977942,-1.0,-0.21806854
600498.XSHG,0.24665579,-0.07523658,-0.43219353,-1.0,-0.84677469,-0.65941367,-0.88333333,-0.84001314,0.32,0.75890232,0.9059072,-0.32,-0.95977763,-0.24457938,-2.14269859,-0.95552649,-0.01714436,-0.82439503,-1.5400196,-0.07211665,-1.0,-0.82617296,-0.59,-3.92,0.72165959,-0.09731237,-1.0,0.00050769,1.0491481,0.09791611,1.28929293,0.00611417,0.49804241,0.28253761,0.04577637,3.69116275,1.44284357,-0.41906192,-1.08710236,-0.80358845,0.13050295,0.12138264,0.225,-0.93679043,,-1.0,-0.75258816,0.32,-0.91082593,0.32,-0.00862986,-0.97222222,-0.38198955,-0.77388263,-0.05656721,-0.26354651,1.52e-06,0.0,-1.0,-1.0,-1.0,-1.62017804,0.0,0.75,1.3714232,-0.96531219,0.0,0.0,0.32914708,-1.19632446,0.86650249,0.88358603,-1.0,0.31256117,0.52777778,-0.90212072,0.0,-1.0,0.00565037,-1.0,-0.5988024
600518.XSHG,0.03115824,0.65339939,-0.06493578,-0.55555556,-0.21225423,0.80693727,-1.0,-0.55617608,0.15,0.54034629,0.12464406,-0.15,-0.07161543,0.29665256,-1.27890577,-0.39339438,-0.02395637,-0.26389797,1.7526952,-0.43133733,-1.0,0.03736905,0.0,0.06,0.66252859,0.52764485,1.0,-0.00045265,1.19610092,0.10913475,-0.04670094,0.00734918,0.39771615,0.74002616,0.01544189,4.05239636,1.04365132,-0.2944237,-0.88439276,0.13787513,-0.02730175,0.91398324,0.04375,0.66610688,,0.15,-0.77346211,0.15,-0.03422178,0.15,-0.00159229,19.75,-0.04961957,0.62936286,-0.02525902,0.38324112,5.207e-05,0.0,0.0,-1.0,-1.0,-1.33201451,0.0,0.25,9.66963073,-0.84473076,0.0,1.0,0.99815889,0.90896374,1.0,0.89466437,0.0,0.87471452,0.66666667,-0.80455473,1.0,-0.25,-0.02979097,0.0,-0.8056872
600519.XSHG,-0.11810767,0.064525,,-0.55555556,-0.97101549,0.57668215,-1.0,-0.99244415,-2.6,0.00294022,0.14694601,2.6,-0.20438195,0.18422841,,-0.17233486,-0.24256939,-0.99934598,-1.86017641,-0.00013897,-1.0,-1.23866434,3.08,1.08,0.0035936,-0.85401682,1.0,-0.00086971,1.00262123,0.14342677,-0.06121016,0.00468135,0.15171289,0.20732505,0.00402832,2.63507546,0.65922595,-0.70823916,-1.35335458,0.22254213,0.04055262,0.00228385,0.3,-0.75788865,,-1.0,-0.99743436,-2.6,,-2.6,-3.99671349,0.43154634,-0.6602667,-0.50139446,-0.94012618,-1.44503372,-0.00077953,0.0,0.0,-1.0,-1.0,-1.82904715,0.0,0.66666667,1.17113307,-0.99768748,0.0,0.0,,-4.83561838,0.04078772,0.51324191,-1.0,0.37030995,,-0.99967374,0.0,,,-1.0,0.43949145
600522.XSHG,0.03115824,-0.00231393,-0.35769285,-0.11111111,-0.21551623,-0.27277448,-1.0,-0.41655716,0.19,0.61336165,1.03124458,0.19,-0.42773054,-0.06265233,-2.72131876,-0.68051014,-0.10346837,-0.33453237,1.49722313,-0.18319306,-1.0,-0.11091338,0.0,-0.94,0.81378634,-0.8660254,-1.0,0.0001576,1.46920052,0.08702569,-0.11400232,0.00551033,0.6675367,0.43034663,0.15655518,3.52046779,0.68986945,-0.1116718,-1.04020191,-0.14206929,0.00832152,1.44254658,0.525,-0.85174919,,0.19,-0.39079958,0.19,-0.97194719,0.19,0.01686246,14.0,-0.04746453,-0.40716105,-0.02732952,0.2325469,0.00031617,0.0,0.0,-1.0,-1.0,-0.74563139,0.0,0.86666667,0.59083693,-0.67756855,-1.0,0.0,0.2268327,2.54735781,1.00162651,0.8622608,0.0,0.9862969,0.55555556,-0.65873476,0.0,-0.875,0.51925448,0.0,-0.86580087
600535.XSHG,0.24665579,0.09420225,0.06650348,-0.44444444,-0.3902158,-0.051496,-1.0,-0.5781866,0.18,0.59653708,0.07343883,-0.18,-0.36494441,-0.03173787,-1.65423379,-0.30183126,-0.06766596,-0.4028777,1.52466514,-0.32520068,-1.0,-0.04311774,0.0,-0.33,0.46194054,-0.4330127,1.0,-0.00024349,1.27771953,0.13830724,2.03665627,0.00543026,0.30995106,0.18083715,0.23583984,2.90733411,0.67788801,-0.33730404,-0.75483422,-0.16783794,0.0532196,0.10203366,0.375,-0.92306528,,-1.0,-0.27254224,0.18,-0.4310231,0.18,0.04701731,-2.45294118,-0.53900091,-0.77933966,-0.05506205,-0.25178529,-0.00104411,1.0,0.0,-1.0,0.0,-0.28107484,0.0,1.0,0.88489681,-0.55401388,0.0,0.0,0.28252064,-0.09242804,0.9994872,0.85739928,-1.0,0.71158238,0.05555556,-0.53216294,0.0,-1.0,0.35376596,0.0,-0.47244094
600547.XSHG,0.24665579,-0.75985406,-0.20639239,-0.77777778,-0.0666205,-0.49307724,-0.26666667,-0.02299606,0.52,0.87340738,0.89098832,-0.52,-0.63636364,-0.27416516,-1.52319306,-0.58338784,-0.0216979,-0.73250491,-1.2613525,-0.0010468,-1.0,-0.3250282,-0.71,-4.34,0.97811173,-1.0,-1.0,0.00069897,1.11271298,0.05685796,1.28989053,0.00679183,0.291354,0.65369523,0.26660156,2.50787475,0.66272399,-0.41162028,-0.97186176,-0.58548991,0.09714937,1.02715596,0.2,-0.82048752,,1.0,-0.7954632,1.0,-0.60644949,1.0,-0.00361843,11.14285714,-0.07278778,-0.62810402,-0.00594287,0.45206838,0.00044542,0.0,-1.0,-1.0,0.0,-1.87009561,-1.0,0.26666667,0.54149521,-0.90948133,-1.0,0.0,0.83634123,5.83388636,0.6343532,0.63104888,0.0,,0.72222222,,0.0,-0.875,0.22749966,-1.0,-0.12232416
600549.XSHG,0.42773246,-0.13658818,-0.41112427,-0.88888889,-0.92038119,-0.80848246,-1.0,-0.88403417,-1.68,0.98693238,0.99384946,-1.68,-0.82570307,-0.58728886,-1.13712833,-0.76553303,-0.67301899,-0.99313277,-1.7004247,-0.03452177,-1.0,-0.41114002,-3.13,-13.38,0.00032669,-0.85391256,-1.0,0.00037839,1.00982962,0.01070106,1.02066545,0.00434076,0.02349103,0.11085677,0.0,3.17877042,0.25979766,-0.91707778,-1.38933061,-0.86470339,-0.10431858,0.05205279,0.08125,-0.68821234,,1.0,-0.79055482,1.0,-0.69207921,1.0,0.01664293,-0.03885969,-0.45041816,-0.92343785,-0.51780475,-0.16062355,-0.00065261,0.0,0.0,-1.0,0.0,-1.99241675,-1.0,,0.74599939,-0.99405352,0.0,0.0,0.85194461,-1.16379214,0.22170376,0.9637724,-1.0,,0.83333333,,0.0,-0.25,0.05971034,-1.0,0.45923149
600570.XSHG,-0.33017945,-0.32669731,-0.16004968,-0.88888889,-0.68287123,-0.0489238,-0.6,-0.96123522,-0.17,0.13639334,0.40587895,-0.17,-0.39797253,-0.04523688,-2.43486335,-0.4028777,-0.26874897,-0.98659254,-1.21332898,-0.00751613,1.0,-0.55689452,-0.49,-6.7,0.03887618,-0.92307692,1.0,-0.00030755,0.8370249,0.06287571,-0.52415596,0.00680714,0.11973899,0.51111838,0.04394531,2.57956405,0.97720287,-0.73492406,-0.64923046,-0.56993741,-0.1568652,0.27481965,0.5625,-0.88157268,,-1.0,-0.92832654,-0.17,-0.96515101,-0.17,-0.3004822,-8.2298951,-0.56282709,-0.44821554,-0.02860203,0.0655393,-0.000928,0.0,-1.0,-1.0,-1.0,-1.96406198,-1.0,0.42857143,1.52371583,-0.93095474,0.0,0.0,0.48009567,0.22029435,1.0,0.11132437,0.0,0.26949429,0.11111111,-0.97128874,0.0,-1.0,-0.74336134,-1.0,0.27498323
600583.XSHG,0.24665579,-0.20991492,-0.36781332,-0.66666667,-0.34871019,-0.64835634,-0.31666667,-0.27332457,0.07,0.39447893,0.86854113,-0.07,-0.4381949,-0.27468045,-2.18211876,-0.45519948,-0.22172754,-0.77305428,-1.44168572,-0.01073875,-1.0,-0.05358823,0.0,-0.38,0.44135903,-0.74535599,-1.0,0.0003924,1.59551114,0.0753403,-0.40237869,0.00698687,0.38760196,0.21844343,0.09228516,2.76062966,0.65164971,-0.46089262,-1.07062891,-0.11141268,0.01280775,2.35652174,0.6375,-0.8658989,,0.07,-0.30450971,0.07,-0.85751892,0.07,-0.01065338,3.16666667,-0.20803757,0.26519848,-0.08199369,0.01817046,0.00037746,1.0,-1.0,-1.0,-1.0,-1.22222222,0.0,0.5,0.13676312,-0.58671952,-1.0,0.0,0.29429556,0.36996425,0.95926412,0.98703455,-1.0,0.5,0.05555556,-0.37944535,0.0,-0.875,-0.57524329,-1.0,-0.4950495
600585.XSHG,0.24665579,-0.28753044,-0.21816673,-0.77777778,-0.06243985,-0.27280779,-1.0,-0.05289093,0.71,0.92633126,1.02522188,-0.71,-0.56049706,-0.0432631,-2.15133563,-0.54676259,-0.01264513,-0.08992806,-1.85462267,-0.64872454,-1.0,-0.50167574,-0.38,-0.22,0.98758576,-0.93831486,-1.0,0.00057011,0.94269332,0.05594169,1.36121048,0.00730663,0.95171289,0.42119032,0.10217285,1.95806586,1.30331203,-0.02822431,-1.34384135,-0.37490272,0.04895824,1.16218419,0.375,-0.78669637,,1.0,-0.59863013,1.0,-0.98877888,1.0,-0.10802352,41.21428571,-0.02672437,-0.71846298,-0.00079053,0.39772467,0.00046305,0.0,0.0,0.0,-1.0,-1.1608968,0.0,,0.6389679,-0.88140073,0.0,0.0,0.87000908,6.96543286,0.89262472,0.74606549,0.0,0.50440457,0.83333333,-0.76606852,0.0,-0.75,0.53217016,-1.0,-0.95398429
600588.XSHG,-0.33017945,0.01074203,-0.04571241,-0.11111111,-0.14650948,-0.11726651,0.08333333,-0.1977661,0.83,0.03103561,0.86968172,0.83,-0.08796599,-0.00991309,-0.96122431,-0.23773708,-0.02642082,-0.38587312,1.24534466,-0.02582807,1.0,0.38514824,0.27,-2.66,0.94315583,-0.83205029,1.0,-1.55e-05,1.2154325,0.38198464,-0.03557186,0.00775448,0.9862969,0.85840419,0.28381348,1.71259587,1.66984097,-0.00470773,-0.04695562,-0.40738048,0.13588264,1.25787106,0.95,0.32175928,,0.83,0.01325147,0.83,-0.95353468,0.83,-0.06652989,6.42272727,-0.16098309,0.09693887,-0.00303574,0.25070574,6.431e-05,0.0,-1.0,0.0,-1.0,-0.91048467,0.0,1.0,1.66652428,-0.875,0.0,1.0,0.79467523,1.30966751,2.69014203,0.50622179,0.0,0.3177814,0.5,-0.83980424,0.0,-0.61538462,-0.22918106,0.0,-0.82706767
600606.XSHG,0.24665579,0.03234036,0.08086647,-0.33333333,-0.22813164,0.77696566,0.10833333,-0.37713535,0.21,0.64521398,1.00639339,-0.21,-0.35938522,0.26246776,-2.29799226,-0.27305428,-0.04465398,-0.03924133,1.33714472,-0.19463289,1.0,0.03379588,-0.1,-0.9,0.93923554,-0.61078556,-1.0,0.00034641,1.48885976,0.05641628,1.57823466,0.00712437,0.84698206,0.21615435,0.18310547,2.6814464,1.46491344,-0.05145661,-0.1841314,-0.09506048,0.02657381,2.78287462,0.375,-0.53836715,,0.21,-0.14154157,0.21,-0.94689678,0.21,-0.10217837,24.63157895,-0.04358974,-0.79887623,-0.0059212,0.09875775,0.00050908,1.0,0.0,-1.0,0.0,-1.12792615,-1.0,0.5,1.41915472,-0.59596961,0.0,0.0,0.49179173,1.2243854,1.04001407,0.87935119,0.0,0.5,0.66666667,-0.80028543,1.0,-1.0,0.02795472,-1.0,-0.76628352
600637.XSHG,-0.33017945,-0.13825514,-0.32555658,-0.11111111,-0.23409275,0.51464093,-1.0,-0.54632063,0.18,0.59653708,0.29924746,-0.18,-0.36592544,0.33303271,-2.04390829,-0.4646828,-0.06729948,-0.62589928,-1.38941522,-0.03574099,-1.0,-0.32521629,0.0,-0.71,0.57203528,-0.53632271,1.0,-0.00023647,1.27952163,0.05283064,-0.25802227,0.00715363,0.35106036,0.57521256,0.07617188,2.33900426,1.33569611,-0.37695552,-0.97760166,0.06097025,-0.01532133,0.83076923,0.375,-0.52289965,,0.18,-0.5242932,0.18,-0.67686739,0.18,-0.02823522,6.19607843,-0.13456616,-0.41536886,-0.00159279,0.66470309,-0.00017011,0.0,-1.0,-1.0,0.0,-0.83003627,0.0,0.26666667,0.27585963,-0.63858606,0.0,0.0,0.17733239,0.80120261,1.00979337,0.15522552,0.0,0.5,0.33333333,-0.62120718,0.0,-0.875,-0.60671276,-1.0,-0.56277056
600649.XSHG,0.24665579,-0.1449115,-0.39613302,-0.33333333,-0.28779181,0.03438258,-1.0,-0.26379763,0.21,0.64178373,0.75728448,-0.21,-0.48201439,0.01447628,-1.56847216,-0.44898627,-0.04692405,-0.46926095,1.26527279,-0.41454873,-1.0,0.06801119,-0.14,-0.88,0.8118262,-0.75265055,-1.0,-7.286e-05,1.827654,0.16066365,1.6467839,0.00714452,0.7862969,0.19587966,0.2442627,1.77779441,1.26927536,-0.07171081,-0.01368984,-0.24332765,0.03814198,1.42746781,0.45,-0.7576839,,0.21,-0.00040225,0.21,-0.98380701,0.21,-0.05034629,23.44444444,-0.04471944,-0.96644525,-0.00161029,0.10018181,2.991e-05,0.0,-1.0,-1.0,-1.0,-0.98021761,-1.0,1.0,9.15787335,-0.5,-1.0,1.0,0.20725603,0.40966937,1.07011727,0.84489348,-1.0,0.5,0.44444444,-0.84721981,0.0,-1.0,0.18543724,-1.0,-0.9561753
600660.XSHG,0.24665579,0.18282628,-0.08308631,-0.44444444,-0.01155944,-0.00465042,-1.0,-0.09461235,0.29,0.72966351,0.87249816,-0.29,-0.22204055,-0.00203113,-0.92914414,-0.10987574,-0.02562978,-0.74787443,1.86213656,-0.06024012,-1.0,-0.43038506,0.0,-0.01,0.87422411,-0.6022163,1.0,-0.00020956,1.50121232,0.13890473,2.21252632,0.00756778,0.42871126,0.26684107,0.25549316,3.17490844,0.99727058,-0.19181274,-1.45124544,-0.02011484,0.00565475,1.01576109,0.375,-0.29408722,,1.0,0.01228422,1.0,-0.64818482,1.0,0.34681477,10.55645161,-0.0891795,-0.94294314,-0.00159877,1.2507562,-0.00013438,0.0,0.0,-1.0,0.0,-0.21249588,0.0,0.33333333,1.9256125,-0.42286092,-1.0,1.0,0.81399546,1.93092792,1.00866781,0.93738821,0.0,0.84208809,0.16666667,-0.72138167,1.0,-1.0,0.4463165,-1.0,-0.4670913
600663.XSHG,0.24665579,0.07785683,-0.61224801,-1.0,-0.17866466,-0.64288692,-0.95,-0.79040736,0.72,0.92943483,1.07444731,-0.72,-0.98332243,-0.13649762,-2.50747315,-0.98790059,-0.00791808,-0.48299542,-1.62071219,-0.01304378,-1.0,-0.35431414,-0.41,-2.05,0.89447893,-0.96934549,-1.0,0.00062137,0.45750328,0.08129948,1.65878085,0.00571282,0.86982055,0.44767822,0.11730957,3.27803086,1.26219578,-0.10891798,-0.6812305,-0.85215433,0.07679666,1.01388889,0.2,-0.97061238,,0.72,-0.63124553,0.72,-0.93630363,0.72,-0.02571709,-1.88888889,-0.14057333,-0.81556097,-0.00269848,0.20898162,0.0002411,0.0,0.0,-1.0,-1.0,-1.45186284,0.0,1.0,2.27678615,-0.95804427,-1.0,0.0,0.36361808,3.09281232,0.57012013,0.90286191,0.0,0.32822186,0.83333333,-0.88026101,1.0,-1.0,-0.8139353,-1.0,-0.875513
600674.XSHG,0.24665579,0.04156612,-0.24612466,-0.44444444,-0.19647965,0.57333706,-1.0,-0.20466491,0.12,0.48840248,0.14150044,0.12,-0.39274035,0.11853725,-1.84354789,-0.54512753,-0.04096275,-0.36984957,1.68539693,-0.46430084,-1.0,0.06741901,-0.13,0.08,0.6550147,0.26352314,1.0,0.00023978,1.78718873,0.13948244,1.69562196,0.00705523,0.58988581,0.16154349,0.08761597,3.70854965,0.6838047,-0.15647624,-0.14035765,-0.00077717,0.00182138,1.79194631,0.2,0.24394443,,0.12,-0.10232344,0.12,-0.75024679,0.12,-0.06643711,10.86363636,-0.08977367,-0.04317796,-0.05024098,0.12825547,-7.161e-05,1.0,0.0,0.0,0.0,-0.48120673,0.0,0.5,7.35474244,-0.52659399,-1.0,1.0,0.07287015,0.16956227,0.96899613,0.89196152,0.0,0.95334421,1.0,-0.53017945,0.0,-1.0,0.05270021,0.0,-0.62240664
600682.XSHG,0.24665579,0.13420538,0.62551996,-0.66666667,-0.37361613,0.66705434,-0.15,-0.17969777,0.3,0.73815746,0.64806498,-0.3,-0.48070634,0.31145231,-0.59493167,-0.08404186,-0.01445914,-0.3705036,-1.83044757,-0.00529482,1.0,0.11242015,-0.13,-0.32,0.60241751,-0.43082022,1.0,-0.00014735,1.13928571,0.25090902,-0.78279399,0.0072253,0.20554649,0.35709614,0.12283325,3.13115281,1.06385437,-0.59783516,-1.3545312,-0.16117649,0.10825603,0.14180155,0.7875,-0.32181511,,0.3,-0.04428814,0.3,-0.66810488,0.3,0.02499183,1.58550725,-0.3745315,-0.32585772,-0.07445857,-0.0436178,-0.00071152,0.0,-1.0,-1.0,-1.0,-1.19254863,-1.0,0.5,0.04717014,-0.5,0.0,0.0,0.8438382,-0.43437418,0.92075332,0.67394281,-1.0,0.3954323,0.77777778,-0.78238173,1.0,-1.0,0.24453045,0.0,0.08183306
600685.XSHG,-0.33017945,0.35776828,0.0768441,-0.11111111,-0.00736793,0.63366376,-1.0,-0.30946124,0.72,0.0400196,0.95512654,0.72,-0.12262917,0.2088682,-0.74548357,-0.13767168,-0.00948296,-0.14323087,1.4109768,-0.11470591,1.0,-0.20756141,0.0,-0.09,0.95197648,-0.06579517,1.0,-0.00030097,1.97214941,0.19913855,0.83876512,0.00734993,0.92300163,0.79365598,0.54931641,2.94085067,1.27173025,-0.00707653,-0.07864461,0.05745402,0.11362595,1.06543557,0.3375,0.02396748,,0.72,0.12899975,0.72,-0.52038449,0.72,0.18245214,3.55555556,-0.11405562,0.24578066,-0.01042507,0.49731544,-2.645e-05,1.0,-1.0,0.0,0.0,-0.19897791,0.0,1.0,0.4942827,-0.8125,0.0,1.0,0.72371708,3.64079844,52.48074603,0.97189108,-1.0,0.82773246,1.0,-0.05269168,1.0,-1.0,0.44108874,0.0,-0.84690554
600688.XSHG,0.24665579,-0.53032393,0.19207441,-0.22222222,-0.30183629,0.12192373,-0.06666667,-0.18495401,0.05,0.36573015,0.70398496,-0.05,-0.30412034,0.09779466,-0.65934927,-0.30379333,-0.1017961,-0.63145847,-1.69781117,-0.05938076,1.0,-0.02130037,-0.09,-0.84,0.60699118,-0.93558521,1.0,0.0002787,1.43925295,0.07588017,1.49323757,0.00680889,0.24991843,0.12393721,0.08886719,1.36101791,0.45126251,-0.56445848,-1.27697667,-0.12664934,0.01209585,1.61784897,0.4,-0.63173126,,0.05,-0.09199191,0.05,-0.77792509,0.05,-0.04593793,-0.1,-0.41969916,-0.14201282,-0.04547606,0.00733656,0.00032412,1.0,-1.0,-1.0,0.0,-1.39136169,-1.0,0.26666667,1.01372833,-0.625,0.0,0.0,0.82837755,0.08532063,1.04246576,0.67725551,-1.0,0.5,0.16666667,-0.45154976,1.0,-0.25,0.15792255,-1.0,-0.04149378
600690.XSHG,0.24665579,0.38158298,-0.86385932,-0.44444444,-0.03514659,-0.49076848,-1.0,-0.13731932,0.13,0.50882065,0.20018337,-0.13,-0.33747547,-0.26291169,-1.90079167,-0.47710922,-0.02034005,-0.63309353,1.80039203,-0.05435469,-1.0,-0.03987625,0.0,0.07,0.79418491,0.61237244,-1.0,0.00013946,1.90334207,0.0422254,2.10870096,0.00754305,0.37292007,0.22825376,0.01831055,1.89605854,0.69194025,-0.05741841,-1.3559018,-0.43197753,0.02347489,1.01964395,0.35,-0.40174573,,1.0,-0.03057342,0.13,-0.93155643,0.13,0.01921725,20.7826087,-0.04713662,-0.80648442,-0.02725054,0.39282094,2.345e-05,1.0,0.0,-1.0,0.0,-0.92070557,0.0,1.0,66.90503916,-0.4375,-1.0,1.0,0.35563323,0.4646471,1.06797258,0.9877097,0.0,0.96313214,0.38888889,-0.05269168,1.0,-1.0,0.39092031,-1.0,-0.45248869
600703.XSHG,0.24665579,0.53414741,-0.39366615,-0.55555556,-0.13046909,-0.06554119,-1.0,-0.40013141,0.43,0.82734401,0.04138419,-0.43,-0.15271419,-0.00498216,-0.86770631,-0.08011772,-0.00257931,-0.09319817,1.85266253,-0.67027701,-1.0,0.11400702,-0.07,0.19,0.96275727,0.41176471,1.0,-0.00039404,1.66251638,0.09392328,-0.19722026,0.00753521,0.8045677,0.39208633,0.01812744,4.49095708,1.29990272,-0.06568929,-0.17372508,-0.19271574,0.02295819,1.14239631,0.05,0.39814709,,0.43,-0.5792189,0.43,-0.50627063,0.43,0.02416727,4.3968254,-0.13550359,-0.73631662,-0.00458754,1.29529979,-8.064e-05,0.0,-1.0,-1.0,-1.0,-0.55159908,0.0,1.0,17.03582472,-0.81995375,0.0,1.0,0.84300192,3.49178119,0.95209393,0.9497146,0.0,0.41761827,0.77777778,-0.79926557,1.0,-0.5,-0.40094258,0.0,-0.77452668
600704.XSHG,0.03115824,-0.23281982,-0.55779413,-0.77777778,-0.51206459,-0.45268375,-0.9,-0.38896189,0.12,0.49526299,0.00328112,-0.12,-0.52419882,-0.0213586,-2.05379125,-0.54447351,-0.04451265,-0.78940484,-1.74256779,-0.00787851,1.0,0.10596064,0.18,-0.85,0.66122182,-0.87287156,1.0,0.00041683,1.2742464,0.29339086,1.77732252,0.00570854,0.50375204,0.81883584,0.19775391,3.12509993,0.486427,-0.33536987,-1.26893215,-0.49538349,0.00013583,1.47803163,0.525,-0.53546475,,0.12,-0.42260941,0.12,-0.87570434,0.12,-0.06119569,0.73809524,-0.41288728,-0.77218853,-0.05528009,0.02214875,0.00019831,0.0,-1.0,0.0,0.0,-1.43818002,0.0,0.33333333,0.84026533,-0.68780971,-1.0,1.0,0.61240659,0.56834446,0.97186925,0.83811245,-1.0,0.15823817,0.05555556,-0.67830343,0.0,-1.0,0.30607478,0.0,-0.49723757
600705.XSHG,0.42773246,-0.32429837,-0.71180391,-0.22222222,-0.15645325,-0.25771632,0.68333333,-0.14980289,-0.04,0.22345639,1.02711443,-0.04,-0.27436233,-0.1998737,-2.1016563,-0.24264225,-0.55111636,-0.17854807,1.60601111,-0.13959018,1.0,-0.00918226,-0.07,-0.47,0.11826201,-0.80148592,1.0,0.0003907,1.62368938,0.04445675,1.70841822,0.00666555,0.18009788,0.25081753,0.03887939,2.46925486,0.79667322,-0.64989384,-1.23583871,-0.05491487,-0.00576585,3.29473684,0.5,-0.84635112,,1.0,-0.27726733,-0.04,-0.69631596,-0.04,0.0050343,1.66666667,-0.32775932,-0.64119708,-0.06047523,0.03350794,1.141e-05,0.0,0.0,0.0,0.0,-0.95285196,-1.0,0.4,2.21458595,-0.4909151,-1.0,1.0,0.89134487,0.39732011,0.9898355,0.43178472,0.0,0.5,0.52777778,-0.48601989,1.0,-0.875,-0.4002664,-1.0,0.16528926
600718.XSHG,-0.33017945,-0.44567119,0.25859278,-0.11111111,-0.10724546,0.46176559,-1.0,-0.38403417,0.45,0.83730807,0.30470584,-0.45,-0.70928712,0.07640617,-1.45453375,-0.51406148,-0.01171398,-0.16873774,1.34367854,-0.30709903,-1.0,-0.25278151,-0.02,-1.74,0.90035936,-0.70710678,1.0,0.00032808,1.53751638,0.16418851,0.06475171,0.00722318,0.90734095,0.54381949,0.21972656,3.9484459,1.26484374,-0.02211625,-0.04890109,-0.09241889,-0.00655361,1.43021978,0.5,-0.94602154,,0.45,-0.36588936,0.45,-0.35768345,0.45,0.00165567,22.0,-0.02460889,-0.38261665,-0.01276943,0.38319309,5.958e-05,0.0,-1.0,0.0,-1.0,-1.256182,0.0,0.33333333,0.10699219,-0.60026429,-1.0,0.0,0.72749755,0.29923465,1.14477782,0.68665918,0.0,0.5,0.83333333,-0.53115824,0.0,-0.875,0.07343188,0.0,-0.95541401
600737.XSHG,0.03115824,0.00796448,-0.29900543,-0.11111111,-0.07935056,0.25483725,-1.0,-0.14388962,0.18,0.59653708,0.81965617,-0.18,-0.11216481,0.08675488,-1.07475819,-0.17625899,-0.10409217,-0.31294964,1.30251552,-0.00254573,1.0,0.08784486,0.13,-0.98,0.76380268,-0.67680204,-1.0,-0.00027754,1.46500655,0.13327139,1.8075338,0.00740567,0.55546493,0.71517332,0.34606934,1.7160057,1.12730817,-0.10580878,-0.72044055,-0.23105668,0.01483157,1.5125261,0.35,-0.43422108,,0.18,0.03507607,0.18,-0.95028174,0.18,-0.03998693,8.44736842,-0.11268125,-0.17209537,-0.01842392,0.08080457,-1.22e-05,1.0,-1.0,0.0,-1.0,-0.53643258,-1.0,0.5,9.07828542,-0.625,0.0,1.0,0.95970873,1.397057,1.54703098,0.2811913,-1.0,0.5,0.16666667,-0.58946709,1.0,-1.0,0.14929521,0.0,-0.68062827
600739.XSHG,-0.33017945,0.12868414,-0.64171827,-0.44444444,-0.03976134,-0.6375851,0.68333333,-0.04763469,-0.1,0.17053251,0.46907639,0.1,-0.11052976,-0.59413238,-1.70035352,-0.3763898,-0.02831002,-0.59973839,1.71741261,-0.03557584,1.0,0.33861833,0.03,-2.68,0.08461287,-0.875,1.0,-0.00040868,1.88761468,0.06285259,1.48360566,0.0060767,0.14812398,0.18901243,0.20507813,1.61853974,0.34959313,-0.28596739,-1.62337723,-0.71878975,-0.0194864,0.24452725,0.04375,-0.40941405,,1.0,-0.07109403,1.0,-0.77763027,1.0,0.00230121,0.56842105,-0.56990213,0.11058459,-0.30627572,-0.01526174,-0.00112582,0.0,-1.0,0.0,-1.0,-1.06923838,-1.0,0.25,2.54265686,-0.625,-1.0,1.0,0.93522908,-0.15399684,3.12170168,0.21593955,-1.0,,0.11111111,-0.57800918,0.0,-0.125,-0.47599586,0.0,0.35190616
600741.XSHG,-0.11810767,0.73764982,-0.59872646,-0.55555556,-0.01256219,-0.45048358,-1.0,-0.50065703,0.14,0.53283241,0.63515228,-0.14,-0.10137345,-0.1130637,-0.53469796,-0.14192283,-0.00945865,-0.55559189,1.82816073,-0.5462753,-1.0,0.22918842,0.0,0.31,0.77752369,-0.70929937,1.0,-0.00034819,1.56408912,0.11216374,0.57531414,0.00754791,0.37781403,0.4146501,0.05767822,3.52224442,0.94489352,-0.05697053,-1.3024896,-0.2714357,-0.02108414,1.04547423,0.15,0.44371136,,0.14,-0.33797504,0.14,-0.48910891,0.14,-0.07805423,32.82608696,-0.03053209,-0.23165612,-0.05819725,0.43657329,-5.4e-05,0.0,0.0,-1.0,0.0,-0.21711177,0.0,0.5,1.71713828,-0.59663033,-1.0,1.0,0.84866385,5.41800347,1.0107577,0.97778957,0.0,0.59673736,0.08333333,-0.38531811,0.0,-0.30769231,0.49981386,0.0,-0.46920821
600795.XSHG,,,,,,,,,,,,,,,,,,,,,,,,,,,,,,,,,,,,,,,,,,,,,,,,,,,,,,,,,,,,,,,,,,,,,,,,,,,,,,,,,
600804.XSHG,0.03115824,0.37875212,0.42207003,-0.44444444,-0.23079073,-0.015175,-1.0,-0.50164258,0.13,0.50882065,0.23035315,-0.13,-0.12557227,-0.00674721,-1.92235202,-0.41726619,-0.13791152,-0.53956835,-1.40215616,-0.35741563,-1.0,0.32588025,0.0,-0.65,0.48611565,-0.88900089,1.0,-0.00017519,1.51114024,0.15687337,-0.27575087,0.00721749,0.43491028,0.72007848,0.09613037,3.31552314,1.24767777,-0.4253072,-0.72590314,-0.13434423,-0.02829164,1.00973361,0.4875,0.50810325,,0.13,-0.53088908,0.13,-0.73938796,0.13,-0.0085312,3.84285714,-0.20171548,0.5905689,-0.15754407,0.71643298,-0.00017547,0.0,-1.0,-1.0,-1.0,-1.2766238,0.0,0.5,0.06954382,-0.65708622,0.0,1.0,0.79398432,1.33236941,1.0,0.31037505,0.0,0.88026101,0.58333333,-0.58531811,0.0,-0.875,-0.65100984,0.0,-0.61302682
600816.XSHG,0.42773246,-0.26418611,-0.82792436,-0.66666667,-0.17056266,-0.75190643,-0.04166667,-0.05256242,-0.45,0.07089187,0.29030087,-0.45,-0.64290386,-0.70780707,-1.19229163,-0.48005232,-0.72563086,-0.91922825,-1.91440706,-0.28095862,1.0,-0.07297129,-0.45,-0.71,0.02907547,-0.7484552,-1.0,-0.00059142,0.82001966,0.04220577,1.67263638,0.00688054,0.05122349,0.02190974,0.02441406,1.81339742,0.12431257,-0.792106,-1.72736007,-0.47228798,-0.09954267,0.14261266,0.28125,-0.62750742,,1.0,-0.68232046,1.0,-0.73713906,1.0,0.16697158,-15.08333333,-0.6998771,-0.96421887,-0.2685557,-0.11834296,-0.00125316,1.0,-1.0,0.0,0.0,-0.55736894,-1.0,0.26666667,1.53953766,-0.8592666,-1.0,0.0,0.74778887,-1.5308466,0.68522299,0.38957406,-1.0,,0.13888889,,0.0,,-0.36170034,-1.0,0.64891847
600820.XSHG,-0.33017945,-0.08480905,-0.50827491,-0.11111111,-0.14796324,-0.30381525,0.75,-0.2457293,0.09,0.43809213,0.88129886,0.09,-0.12851537,-0.19102932,-0.97209193,-0.11379987,-0.04576115,-0.55101373,1.64260046,-0.2705443,1.0,-0.06032008,0.0,-0.17,0.57072852,-0.64549722,1.0,0.0004255,1.8197903,0.04458277,0.1872651,0.00695873,0.55546493,0.13865271,0.40704346,3.14208922,1.20594513,-0.04071243,-1.20044473,-0.03787152,0.01607986,1.11623037,0.65625,-0.12455382,,1.0,-0.02296737,0.09,-0.71589778,0.09,0.06838615,2.875,-0.23788263,-0.33954044,-0.11658021,0.04895474,-5.096e-05,1.0,0.0,0.0,0.0,-0.51730959,0.0,0.5,4.3967178,-0.5625,0.0,1.0,0.98766202,0.02332807,1.31825674,0.76233033,0.0,0.98401305,0.94444444,-0.05269168,1.0,-1.0,0.43068903,0.0,-0.71823204
600827.XSHG,0.03115824,-0.64015825,-0.43042907,-0.66666667,-0.47546179,-0.08446067,-1.0,-0.71353482,0.16,0.56550147,0.69178065,-0.16,-0.58763898,-0.04732233,-2.29609491,-0.66971877,-0.26004156,-0.41563113,-1.73440052,-0.23061273,-1.0,0.10667449,0.0,-0.12,0.65958837,-0.55901699,-1.0,-0.00044163,1.3810616,0.10153791,0.05082827,0.00676398,0.52626427,0.63963375,0.06591797,2.7533424,1.55101364,-0.35659051,-0.73242881,-0.19694767,0.04663909,0.50815982,0.1875,-0.77618715,,0.16,-0.56477548,0.16,-0.94315929,0.16,-0.02238484,-4.33333333,-0.24585238,-0.35938983,-0.03743975,0.03604092,2.6e-06,0.0,-1.0,-1.0,-1.0,-1.32245302,-1.0,1.0,0.2225664,-0.70465808,-1.0,1.0,0.53772931,0.57414534,0.97977431,0.46626784,-1.0,0.5,0.16666667,-0.43099511,1.0,-0.625,-0.46183106,-1.0,-0.72796935
600837.XSHG,0.42773246,-0.59527317,-0.17538084,-0.66666667,-0.36678534,-0.57825501,-0.46666667,-0.16655716,-0.11,0.16759229,0.98959425,-0.11,-0.5029431,-0.47442678,-1.29760312,-0.45454545,-0.61503551,-0.72759974,-1.5331591,-0.4756765,-1.0,-0.02130082,-0.24,-0.93,0.07023848,-0.9834151,1.0,0.00047666,1.36254915,0.00808468,1.63519907,0.00686133,0.1817292,0.58273381,0.01702881,2.4594359,0.97488727,-0.76851976,-1.23054868,-0.1953602,-0.01360748,0.43079489,0.2,-0.877938,,1.0,-0.51875435,-0.11,-0.62462662,1.0,0.0091212,-0.81818182,-0.49177108,-0.65439506,-0.25371695,0.01848315,-0.00044443,0.0,-1.0,-1.0,0.0,-1.52917903,-1.0,0.26666667,2.52939431,-0.72216716,-1.0,1.0,0.5924975,0.26718359,0.98299471,0.71982459,0.0,,0.05555556,-0.68161597,0.0,-0.625,-0.19373811,-1.0,0.19157088
600871.XSHG,0.03115824,-0.03772096,0.16147122,-0.11111111,-0.23051662,-0.24332294,0.05,-0.27923784,0.03,0.32195361,0.7427112,-0.03,-0.17560497,-0.11321054,-0.63670131,-0.15631131,-0.20696826,-0.3028123,1.30806926,-0.01436165,1.0,-0.00264481,0.0,-0.1,0.30839595,-0.78829306,1.0,0.00029343,1.6844692,0.17279966,-0.11021618,0.00676648,0.35203915,0.60562459,0.24032593,3.2933358,0.80097131,-0.37638725,-0.76125342,-0.01014336,0.00474346,37.70588235,0.6375,-0.92402564,,0.03,-0.28420739,0.03,-0.41354132,0.03,0.00211696,-1.0,-0.41277853,-0.5555709,-0.03995082,0.00287404,0.00014068,1.0,0.0,0.0,0.0,-0.6933729,-1.0,0.46666667,0.46635124,-0.45920053,0.0,1.0,0.97616915,0.00503646,0.9994872,0.58137037,-1.0,0.42316476,0.11111111,-0.15530179,1.0,-1.0,-0.46290468,-1.0,-0.39215686
600886.XSHG,-0.11810767,0.37197192,-0.09039756,-0.11111111,-0.10716839,0.83474038,0.85,-0.1718134,0.14,0.53283241,1.12667651,0.14,-0.14977109,0.14632572,-1.59457767,-0.1971877,-0.04244176,-0.05330281,1.72231297,-0.07709715,1.0,0.05272969,0.05,0.23,0.79222476,-0.61237244,1.0,-0.00029167,1.82257536,0.19585866,1.99240624,0.00730737,0.62006525,0.26258993,0.42572021,2.63171691,0.85629384,-0.0348004,-0.19030147,-0.04149493,0.01708323,2.14409222,0.6,-0.57501635,,0.14,0.05711327,0.14,-0.90706937,0.14,-0.0804835,8.74285714,-0.10829701,-0.10743928,-0.00557114,0.08198704,7.249e-05,1.0,-1.0,-1.0,0.0,-0.39383449,0.0,1.0,11.37223876,-1.0,-1.0,1.0,0.8789942,0.30174286,1.61497126,0.84564197,-1.0,0.5,0.83333333,-0.30081566,1.0,-1.0,0.4809136,0.0,-0.64676617
600887.XSHG,0.42773246,-0.31802461,-0.55699269,-0.44444444,-0.14399698,-0.26342165,-0.04166667,-0.60972405,-0.49,0.85968638,0.78370761,-0.49,-0.55461086,-0.23476634,-1.9845707,-0.46370177,-0.8014099,-0.88293002,-1.74844822,-0.17654663,1.0,-0.23715896,-0.35,-0.72,0.0382228,-1.0,-1.0,-0.00024297,1.22280472,0.00636519,-0.52679923,0.00648593,0.05742251,0.0500327,0.0032959,1.12043572,0.50214905,-0.88522204,-1.38901313,-0.34325277,-0.1540199,0.10301179,0.5,-0.9564799,,-0.49,-0.70168439,-0.49,-0.97854785,-0.49,0.01457694,-0.17296037,-0.79832777,-0.81491631,-0.60661742,-0.36839301,-0.00068788,0.0,-1.0,-1.0,0.0,-0.61506759,-1.0,0.66666667,2.11089909,-0.81334655,-1.0,0.0,0.40685443,-1.27180258,0.91626539,0.79379993,-1.0,0.5,0.16666667,-0.82911931,0.0,-1.0,-0.02463677,-1.0,0.83469722
600893.XSHG,-0.33017945,0.38378316,-0.520587,-0.11111111,-0.00190415,-0.53929137,-1.0,-0.01544021,0.54,0.0576609,1.34688962,-0.54,-0.0441465,-0.31700155,-0.24077466,-0.04512753,-0.03306198,-0.49018967,1.27670696,-0.00011959,1.0,0.82956364,0.0,-4.09,0.92780137,-0.86859904,1.0,-0.00036534,1.9793578,0.16859647,0.71372463,0.0076592,0.60848287,0.92544147,0.42022705,4.23362564,1.23963662,-0.03586038,-0.30222375,-0.43644564,0.07665886,0.91006506,0.3,0.55836844,,1.0,0.06626201,1.0,-0.69233311,1.0,0.20775433,9.52380952,-0.05790861,0.16541229,-0.0151663,0.24359295,-0.00010774,1.0,-1.0,0.0,0.0,-0.17985493,0.0,1.0,3.57086175,-1.0,-1.0,1.0,0.97625952,2.62771936,128.13524186,0.93952299,-1.0,0.5,1.0,-0.05269168,1.0,-0.61538462,-0.234153,-1.0,-0.78431373
600895.XSHG,0.03115824,-0.23503575,-0.05884417,-0.22222222,-0.33105828,-0.18142869,-0.69166667,-0.2260184,0.26,0.70058804,0.18522989,-0.26,-0.63407456,-0.09701561,-2.06104995,-0.74395029,-0.01709655,-0.57979071,-1.4423391,-0.00160339,1.0,0.0443697,0.03,-0.76,0.6690624,-0.96253342,-1.0,0.00023568,0.69357798,0.2495719,1.80925439,0.00686406,0.46818923,0.56082407,0.21759033,2.05608158,1.48948696,-0.25999191,-0.57740854,-0.42516808,0.05070776,0.7348407,0.39375,-0.83849682,,0.26,-0.23649001,0.26,-0.98806762,0.26,-0.02872003,6.02631579,-0.14071165,-0.800225,-0.00770332,0.38963036,5.422e-05,1.0,-1.0,0.0,0.0,-1.50824266,0.0,0.75,1.25033226,-0.5,-1.0,0.0,0.41317269,0.36762851,1.11851684,0.8998365,0.0,0.5,0.83333333,-0.51615008,0.0,-0.84615385,0.5538048,0.0,-0.59800664
600900.XSHG,0.42773246,-0.37054034,0.78857296,-1.0,-0.53469499,0.65931908,-1.0,-0.12319317,-0.19,0.12822607,0.08804864,-0.19,-0.45421844,0.32598705,-2.1023543,-0.33420536,-0.39369231,-0.87017659,-1.76935642,-0.24661208,-1.0,-0.24459337,-0.15,-0.16,0.13753675,0.38069349,1.0,-0.00056304,0.85638925,0.04284543,-0.60504721,0.00719158,0.108646,0.27141923,0.0,2.82536986,0.15737002,-0.83713212,-1.54775178,0.13307753,-0.05451989,0.2420765,0.1,0.31092855,,1.0,-0.78063491,-0.19,-0.20224719,-0.19,-0.0600098,0.11111111,-0.84887722,-0.3977537,-0.76366201,-0.02779412,-0.00064358,1.0,-1.0,-1.0,-1.0,-1.07945928,-1.0,0.66666667,5.3107843,-0.80773043,0.0,1.0,0.36834241,-0.30557094,0.87353195,0.74911669,-1.0,0.5,0.05555556,-0.77900677,0.0,-1.0,-0.30360236,0.0,0.89552239
600909.XSHG,0.42773246,-0.82010666,0.16776328,-0.77777778,-0.32966871,-0.53582263,-0.75,-0.59165572,-0.36,0.08657302,0.67910664,-0.36,-0.89666449,-0.52142634,-2.16616253,-0.88783519,-0.76385476,-0.89470242,-1.69127736,-0.03501838,-1.0,-0.04647596,-0.58,-0.56,0.03854949,-0.98821177,-1.0,0.00031665,1.20068807,0.00890888,-0.41788023,0.00548297,0.03034258,0.06115108,0.0,3.28462107,0.84974269,-0.91064537,-1.59479137,-0.38907317,-0.04271482,0.23686724,0.125,-0.93531456,,-0.36,-0.24957671,-0.36,-0.89141165,-0.36,0.03489056,-8.6097561,-0.58794644,-0.88159661,-0.57108573,-0.57394113,-0.0006767,0.0,-1.0,0.0,-1.0,-1.18710847,-1.0,0.73333333,0.88485292,-0.80310538,-1.0,0.0,0.76988032,-0.43376129,0.95168665,0.70893042,-1.0,0.17030995,0.11111111,-0.61239804,1.0,-1.0,-0.27459757,0.0,0.70052539
600919.XSHG,0.24665579,0.1258355,0.46648405,-0.11111111,-0.03340723,0.64522671,0.96666667,-0.0630749,0.15,0.54933028,0.58690084,0.15,-0.03793329,0.53191035,-0.62062146,-0.02419882,-0.0287544,-0.88587312,1.60045737,-0.00020048,1.0,0.2612868,0.0,-0.38,0.75563541,0.07537784,1.0,-0.00051366,1.93512451,0.19996492,0.32723176,0.00725377,0.12495922,0.21026815,0.74169922,3.50094648,0.58457022,-0.08011108,-0.1778869,0.35304132,0.01635014,0.3960047,0.83125,0.66463267,,1.0,0.14527066,1.0,-0.66146698,1.0,0.10464554,-0.34166667,-0.62363686,0.19188724,-0.00757845,-0.07379012,-0.00125746,1.0,-1.0,0.0,0.0,-0.72172766,-1.0,0.25,3.54190713,-0.875,0.0,1.0,0.91227875,-0.39825986,3.62612606,0.26684534,-1.0,,0.16666667,-0.22954668,1.0,-0.25,-0.78980888,0.0,0.34632035
600926.XSHG,0.24665579,-0.71574633,-0.58163381,-0.44444444,-0.10846515,-0.47169379,-1.0,-0.0978975,0.03,0.32718066,0.54590944,-0.03,-0.73119686,-0.36304348,-1.53773744,-0.72694572,-0.11324138,-0.85251799,1.62267233,-0.01775461,-1.0,-0.00544785,-0.34,-0.21,0.38745508,-0.8877834,-1.0,0.0003002,1.54259502,0.12375489,-0.14405875,0.00608705,0.15040783,0.0765206,0.18676758,2.47624297,0.87375475,-0.44644981,-0.7650501,-0.36783211,0.00174317,0.25612472,0.28125,-0.84559107,,1.0,-0.25326716,1.0,-0.94059077,1.0,0.09251878,-0.47222222,-0.55460104,-0.73535046,-0.04788488,-0.0317221,-0.001131,1.0,0.0,-1.0,0.0,-0.84569733,-1.0,0.25,1.12840222,-0.62272877,-1.0,1.0,0.36758586,-0.06430048,0.91591121,0.52978773,-1.0,0.60489396,0.11111111,-0.63064741,1.0,-0.875,-0.39075288,-1.0,0.3202847
600958.XSHG,0.03115824,-0.33433992,-0.59305713,-0.33333333,-0.37015635,-0.43247693,-0.38333333,-0.06931669,0.06,0.37259066,0.98493951,-0.06,-0.45487247,-0.38443968,-1.88211505,-0.51111838,-0.13667911,-0.41890124,-1.50114342,-0.03956754,1.0,0.01034784,-0.19,-2.77,0.84090167,-0.88898597,-1.0,0.00040986,1.19007208,0.20998215,1.14314284,0.0069443,0.28972268,0.74852845,0.07580566,2.03846654,0.66484257,-0.47991825,-0.27906502,-0.28321196,-0.0167829,0.66842383,0.225,-0.94885877,,1.0,-0.35893151,1.0,-0.94109905,1.0,0.00332832,0.72440087,-0.46182249,-0.12687328,-0.05964799,0.05437097,0.00015057,1.0,-1.0,-1.0,-1.0,-0.92136499,-1.0,0.26666667,0.89634413,-0.78823918,0.0,0.0,0.90318227,0.83045719,0.86547505,0.80648479,-1.0,,0.16666667,,0.0,-0.875,0.09245054,-1.0,-0.07989348
600959.XSHG,,,,,,,,,,,,,,,,,,,,,,,,,,,,,,,,,,,,,,,,,,,,,,,,,,,,,,,,,,,,,,,,,,,,,,,,,,,,,,,,,
600977.XSHG,-0.33017945,-0.24110174,-0.73870216,-0.55555556,-0.71080094,-0.53498407,-0.63333333,-0.71287779,-0.04,0.22933682,0.63971122,0.04,-0.64846305,-0.47380798,-2.00130191,-0.69228254,-0.05957348,-0.9087639,-1.84547533,-0.08954144,1.0,0.27679895,0.62,-1.32,0.14537733,-0.72347804,-1.0,5.046e-05,0.49079292,0.08823734,1.65750129,0.00658985,0.22838499,0.25931982,0.04614258,1.75477929,0.74575065,-0.5213437,-1.37654308,-0.66496757,-0.00318568,0.12475822,0.375,-0.66731825,,-1.0,-0.67710466,-0.04,-0.96548291,-0.04,-0.26318197,-0.59946237,-0.67391304,-0.46957223,-0.0648649,-0.8939767,-0.00094134,0.0,-1.0,0.0,-1.0,-1.01862842,0.0,1.0,0.85667627,-0.625,-1.0,0.0,0.56197457,-1.45880469,1.05509546,0.84124758,-1.0,0.5,0.5,-0.83491028,1.0,-0.875,-0.27200934,-1.0,0.0
600999.XSHG,0.42773246,-0.7033987,-0.03904678,-0.55555556,-0.57438863,-0.49971971,-0.78333333,-0.09362681,-0.19,0.13034956,0.51067183,-0.19,-0.74264225,-0.46926497,-2.628145,-0.61674297,-0.69659182,-0.75179856,-1.63149298,-0.10166801,-1.0,-0.02993133,-0.11,-2.57,0.09212676,-0.79859571,-1.0,0.00035337,0.87932503,0.00752268,1.25075326,0.00638509,0.11158238,0.40255069,0.00708008,1.71231486,0.5050401,-0.83437537,-1.37098902,-0.29813966,-0.06971237,0.11137782,0.24375,-0.91520275,,1.0,-0.7095851,1.0,-0.78051991,1.0,0.06750735,-1.13186813,-0.82008275,-0.87490052,-0.39836512,-0.10913094,-0.00067326,0.0,-1.0,0.0,0.0,-1.71711177,-1.0,0.25,1.65487568,-0.80607863,0.0,0.0,0.86620248,-2.74070746,0.94624247,0.86688806,0.0,,0.16666667,,1.0,-1.0,0.30618027,-1.0,0.44345898
601006.XSHG,-0.33017945,-0.27954376,-0.44592155,-0.22222222,-0.10332625,-0.1420521,-1.0,-0.12023653,0.11,0.47206795,0.04711342,-0.11,-0.1442119,-0.105934,-0.7835949,-0.20765206,-0.01102203,-0.67004578,1.83469454,-0.43001338,-1.0,-0.05308454,0.0,0.06,0.75040836,0.19611614,1.0,-0.00039399,1.86500655,0.13384789,0.14207122,0.00747652,0.6182708,0.1353826,0.31103516,3.42308126,0.90737729,-0.03496462,-0.73327628,-0.04692629,0.00698883,1.65601966,0.21875,-0.15983748,,1.0,-0.04994418,1.0,-0.38764045,1.0,0.01292127,6.3,-0.13534957,-0.41277686,-0.00875437,0.07270863,-2.083e-05,0.0,-1.0,-1.0,0.0,-0.30712166,0.0,1.0,18.842665,-0.625,-1.0,1.0,0.91919355,0.46769132,1.46144255,0.89374124,-1.0,0.95497553,0.66666667,-0.10831974,1.0,-0.75,-0.44812597,-1.0,-0.86956522
601009.XSHG,-0.33017945,-0.13118961,-0.57400144,-0.22222222,-0.46566811,-0.59413233,0.55,-0.12516426,0.04,0.33894152,1.38107635,0.04,-0.9499673,-0.36792599,-1.69234875,-0.95225638,-0.05469482,-0.71026815,1.65370794,-0.22542822,1.0,-0.15458892,0.0,-0.96,0.70989873,-1.0,-1.0,-0.00033346,1.77834207,0.0773081,2.14445443,0.00607679,0.52202284,0.08960105,0.3840332,3.05205654,0.75824918,-0.04378789,-0.66690517,-0.15800947,0.01175938,2.34841629,0.28125,-0.75826169,,1.0,0.08361313,0.04,-0.98712871,1.0,0.01900359,7.2,-0.10644953,-0.34513615,-0.0989848,0.09785422,2.993e-05,1.0,-1.0,-1.0,0.0,-0.37965711,-1.0,0.25,2.30468985,-0.5,-1.0,0.0,0.88941965,0.01593974,1.11349706,0.36065613,-1.0,0.5,0.61111111,-0.13474715,1.0,-0.46153846,-0.65410424,0.0,-0.49751244
601018.XSHG,-0.33017945,-0.53961331,-0.63827955,-0.66666667,-0.55442945,-0.48286292,-0.95,-0.28285151,-0.1,0.17461614,0.00654729,0.1,-0.39306736,-0.46055503,-2.02676585,-0.35807717,-0.06158337,-0.91988228,-1.76412937,-0.03082617,1.0,0.06193905,0.09,0.13,0.13524992,-0.94302252,-1.0,0.00012318,0.55271953,0.32948011,1.66735941,0.0064407,0.07047308,0.36265533,0.01269531,1.80503316,0.1281171,-0.69943769,-1.36908007,-0.57103822,-0.01277016,0.64973262,0.2,-0.95078331,,-0.1,-0.60038669,-0.1,-0.92201382,-0.1,-0.05127083,-4.95238095,-0.86337212,-0.59809008,-0.10980017,-0.10894831,-0.00105145,1.0,-1.0,0.0,-1.0,-1.04846686,-1.0,0.66666667,1.29420833,-0.8125,-1.0,1.0,0.59534115,-1.70987238,1.77827941,0.79541828,-1.0,0.08189233,0.05555556,-0.8318693,1.0,-1.0,-0.09457261,0.0,0.58823529
601021.XSHG,-0.33017945,0.14362535,-0.10823343,-0.77777778,-0.27748984,0.02173936,-0.08333333,-0.74671485,-0.02,0.25024502,0.16742217,-0.02,-0.24820144,0.01941726,-2.03390755,-0.47743623,-0.13354538,-0.43721387,-1.14701078,-0.19184842,1.0,-0.59527246,0.0,-1.03,0.17281934,-0.84887469,1.0,0.00032155,0.95039318,0.00831906,2.07968627,0.00727466,0.20652529,0.45977763,0.11425781,3.21231534,1.08166634,-0.59709891,-0.85743757,-0.16254189,0.04765429,0.61428046,0.2,-0.52133312,,-0.02,-0.79730164,-0.02,-0.38910891,-0.02,0.00614505,-9.16666667,-0.24335287,0.48257509,-0.06099968,0.26687306,-0.00058562,0.0,-1.0,-1.0,-1.0,-1.07467854,-1.0,0.25,1.98557539,-0.79814998,0.0,1.0,0.96182311,0.28707932,1.11323855,0.51238785,-1.0,0.5,0.5,-0.74225122,1.0,-1.0,-0.06658498,0.0,0.0814664
601088.XSHG,,,,,,,,,,,,,,,,,,,,,,,,,,,,,,,,,,,,,,,,,,,,,,,,,,,,,,,,,,,,,,,,,,,,,,,,,,,,,,,,,
601099.XSHG,0.42773246,-0.72806007,0.20025778,-0.66666667,-0.23912563,-0.37537633,-0.90833333,-0.28975033,-0.13,0.15452467,0.67479611,-0.13,-0.3057554,-0.36430691,-2.4283647,-0.25768476,-0.69322867,-0.54349248,-1.57987586,-0.08408338,-1.0,-0.00285347,-0.2,-0.33,0.06795165,-0.98013791,1.0,0.0004553,1.46264744,0.00994457,1.65501041,0.00710997,0.03719413,0.12884238,0.0,3.27503492,0.35782061,-0.90421296,-1.28358439,-0.07398837,-0.00668294,4.575,0.1875,-0.84638855,,-0.13,-0.2944408,-0.13,-0.69430734,-0.13,0.01588697,-1.66666667,-0.63253809,-0.81403111,-0.52285132,-0.06575282,-0.00069476,0.0,-1.0,-1.0,0.0,-1.41674909,-1.0,1.0,0.9173451,-0.55764784,0.0,0.0,0.5047297,-0.17391187,0.99233553,0.91804779,0.0,0.32104405,0.16666667,-0.52101044,1.0,-0.875,0.32640546,-1.0,0.69651741
601111.XSHG,0.24665579,0.06658189,-0.55748058,-0.66666667,-0.05501039,-0.39327903,0.51666667,-0.17575558,0.05,0.35070238,1.05430917,0.05,-0.53924133,-0.27163571,-2.17329057,-0.57292348,-0.23434497,-0.76945716,1.69356419,-0.33018943,1.0,-0.3322815,0.0,-0.13,0.69258412,-0.74701788,-1.0,-0.00042224,1.30065531,0.04490089,2.05412674,0.00717333,0.38858075,0.4058208,0.24353027,2.64845417,0.92616176,-0.2555759,-1.43758613,-0.16799712,-0.02576949,2.61104442,0.2125,-0.61319529,,1.0,-0.19755076,0.05,-0.87425743,0.05,-0.02932375,5.66666667,-0.10762385,-0.5394406,-0.00341792,0.92782843,3.898e-05,0.0,-1.0,-1.0,0.0,-1.24035608,-1.0,0.25,4.71702297,-0.69210439,-1.0,0.0,0.14116766,2.16062578,0.98708264,0.77345102,0.0,0.7451876,0.22222222,-0.63116454,1.0,-0.875,-0.35246813,0.0,-0.24054983
601117.XSHG,-0.11810767,-0.15595726,-0.56595867,-0.11111111,-0.0267723,-0.45995728,0.775,-0.04467806,0.28,0.7231297,1.06922879,0.28,-0.36069326,-0.01130301,-1.72872825,-0.24362328,-0.04110308,-0.55134075,1.79418491,-0.00733242,1.0,0.4021774,0.08,0.43,0.95426331,-0.52356739,1.0,-0.00024293,1.50891219,0.2027124,2.17293362,0.00724498,0.94257749,0.78678875,0.56762695,3.75646994,1.11228462,-0.005285,-0.82826634,-0.1929041,-0.00735487,4.11443662,0.55,0.01129165,,1.0,0.34545798,1.0,-0.65482907,1.0,0.17650114,8.86363636,-0.11809856,-0.33330116,-0.01228468,0.22746745,7.56e-06,1.0,-1.0,0.0,0.0,-0.5074184,0.0,0.75,2.17864769,-0.75,-1.0,1.0,0.83066435,1.08936769,1.7668338,0.8557102,-1.0,0.5,0.66666667,-0.22954668,1.0,-0.25,-0.44307823,0.0,-0.6234414
601118.XSHG,0.42773246,-0.74348273,0.10991694,-0.44444444,-0.16233974,0.21995276,-0.75,-0.16721419,-0.24,0.11564848,0.60310982,-0.24,-0.59843035,0.21490797,-1.70205329,-0.47482014,-0.79202112,-0.17527796,-1.62920614,-0.04462036,1.0,-0.01840421,-0.15,-1.25,0.07121856,-0.72317825,1.0,0.00014139,0.85412844,0.08027596,1.37508901,0.00701362,0.03458401,0.0147155,0.0,2.22319178,0.81832318,-0.9066634,-1.61852282,-0.12558438,-0.051998,1.04022989,0.5625,-0.84714742,,1.0,-0.24624657,-0.24,-0.90740126,-0.24,0.0313819,-0.86410256,-0.65593179,-0.73347543,-0.6342826,-0.05061463,-0.00068229,0.0,-1.0,-1.0,0.0,-0.91839763,-1.0,0.75,1.40507804,-0.57581764,0.0,0.0,0.91890596,-0.71692426,0.97708726,0.87985423,0.0,0.21500816,0.16666667,-0.38107667,1.0,-0.25,0.41812596,-1.0,0.69486405
601127.XSHG,0.03115824,0.6098229,-0.87586687,-0.22222222,-0.02382528,-0.84479913,-1.0,-0.13074901,0.09,0.43809213,0.38908131,-0.09,-0.06899935,-0.45616939,-1.73744822,-0.65500327,-0.02043102,-0.8116416,1.05063705,-0.0271678,-1.0,-0.06225067,0.0,-1.59,0.42208429,-0.80009469,1.0,7.3e-05,1.68971166,0.08987959,2.42256766,0.00747882,0.28939641,0.35153695,0.03759766,2.99268544,0.99660736,-0.16909229,-0.52841876,-0.62983291,-0.01237236,0.59007955,0.05,-0.866737,,1.0,-0.45427729,0.09,-0.7419035,1.0,-0.00204639,-16.55,-0.37727639,-0.12512582,-0.4456677,0.09246302,-0.00080971,0.0,-1.0,-1.0,0.0,-0.26261128,0.0,0.75,1.29451556,-0.4375,-1.0,0.0,0.46521236,0.11454996,1.20160333,0.89779703,0.0,0.5,0.66666667,-0.49235592,0.0,-1.0,0.33033669,-1.0,-0.25830258
601155.XSHG,0.03115824,0.37344527,0.12679697,-0.11111111,-0.00626193,0.0367982,0.36666667,-0.09001314,0.44,0.83175433,1.06079291,-0.44,-0.00915631,0.00209793,-0.79228414,-0.01602354,-0.06169053,-0.41007194,1.86475008,-0.0384584,1.0,0.37619441,0.0,1.26,0.93237504,-0.80555556,1.0,-0.00031662,1.28925295,0.16879873,2.82697246,0.00787816,0.88352365,0.85611511,0.71685791,2.66244795,1.62884371,-0.01068944,-1.44839113,0.06741324,0.0018922,1.33621567,0.425,0.28427779,,1.0,0.32599954,1.0,-0.50646337,1.0,0.41288468,3.53046218,-0.23172095,0.28976626,-0.01350606,0.35504161,-0.00014729,1.0,0.0,0.0,0.0,-0.2840422,0.0,0.75,30.68818528,-1.0,-1.0,1.0,0.9396243,1.81336203,11.86186631,0.88310317,0.0,0.5,0.16666667,-0.22954668,1.0,-1.0,0.53922739,0.0,-0.5469679
601163.XSHG,-0.33017945,0.06270431,-0.35419046,-0.22222222,-0.14434932,0.04007926,-1.0,-0.64290407,0.36,0.78765109,0.38175697,0.36,-0.49934598,0.02200945,-0.89175262,-0.4793983,-0.04465398,-0.41922825,1.30578242,-0.15593708,-1.0,-0.30242538,0.0,-0.54,0.65534139,-0.70710678,1.0,0.00033587,1.16028834,0.21857957,0.39062514,0.00733587,0.58075041,0.69162852,0.30078125,2.95831193,1.41219803,-0.14079405,-0.1990783,-0.29437842,0.00526663,0.95536446,0.4875,-0.69431443,,0.36,-0.33365625,0.36,-0.77920369,0.36,-0.05692257,32.66666667,-0.02987126,-0.87760328,-0.03971623,1.87336363,-0.00028152,0.0,-1.0,0.0,-1.0,-0.65759974,0.0,1.0,0.15837033,-0.625,-1.0,1.0,0.98233929,0.97050912,1.15351277,0.69324944,0.0,0.5,0.41666667,-0.49722675,0.0,-1.0,-0.26149123,0.0,-0.96952909
601166.XSHG,0.42773246,-0.08183244,-0.34215781,-0.55555556,-0.23534831,-0.19308739,-1.0,-0.18725361,-0.02,0.25024502,0.73332664,0.02,-0.31687377,-0.10926013,-1.73489763,-0.3028123,-0.22286423,-0.38783519,-1.7141457,-0.63807992,-1.0,-0.09678392,-0.31,-3.43,0.08395949,-0.9608713,-1.0,-0.00035148,1.14895151,0.04169817,1.72084266,0.00673984,0.23947798,0.0706344,0.14355469,2.44382343,0.35279484,-0.71430373,-1.34602589,-0.19822874,-0.0100567,0.86448823,0.225,-0.74848768,,1.0,-0.54774308,1.0,-0.92542261,1.0,-0.0104541,5.56862745,-0.13674117,-0.64592915,-0.31720592,0.12984468,0.00059693,1.0,-1.0,0.0,0.0,-1.43026706,-1.0,,1.70168351,-0.73306905,-1.0,1.0,0.6502241,1.10581263,0.8491969,0.65741475,-1.0,0.8365416,0.55555556,-0.71888985,0.0,-0.53846154,-0.14175569,0.0,-0.04524887
601169.XSHG,0.42773246,-0.36204906,-0.14181928,-0.44444444,-0.14123656,-0.28618013,0.275,-0.12187911,-0.04,0.22345639,0.74854273,-0.04,-0.38620013,-0.20994669,-0.75627227,-0.31098757,-0.22586035,-0.71157619,1.68376348,-0.13665826,1.0,-0.03404678,-0.11,-0.96,0.11009474,-0.3796632,-1.0,0.00046161,1.35065531,0.05220676,-0.23367653,0.00686597,0.13539967,0.38848921,0.10809326,1.27790769,0.89758177,-0.42258648,-1.33265739,-0.03690685,0.00259037,1.00920245,0.34375,-0.55710721,,1.0,-0.13657109,-0.04,-0.69001983,1.0,0.06278732,0.66666667,-0.44434022,-0.63914626,-0.20670039,0.00303635,-0.00030299,1.0,-1.0,0.0,0.0,-1.22057369,-1.0,1.0,3.20658382,-0.5,0.0,0.0,0.86656123,0.02514607,0.85511744,0.33933383,-1.0,0.5,0.36111111,-0.23458401,1.0,-0.75,-0.60735829,0.0,0.45801527
601186.XSHG,0.03115824,0.34422938,-0.58953067,-0.11111111,-0.04099753,-0.43502672,0.78333333,-0.03120894,0.46,0.84302516,1.0540535,0.46,-0.05264879,-0.04532716,-0.6248523,-0.07390451,-0.01803126,-0.38979725,1.82424044,-0.10595793,1.0,0.67264035,0.09,0.36,0.97876511,-0.89773106,1.0,-0.00019601,1.88138925,0.13362263,0.15778811,0.00732641,0.95008157,0.45454545,0.65844727,4.32916332,1.69164573,-0.00459825,-0.10526765,-0.14745749,0.04715476,1.52202937,0.7,0.21733856,,1.0,0.41645823,1.0,-0.71722536,1.0,0.34683763,6.75,-0.09692981,0.57803927,-0.00206047,0.21475341,2.778e-05,0.0,-1.0,0.0,0.0,-0.61210023,0.0,1.0,17.56158246,-0.6875,-1.0,1.0,0.98530872,2.17408503,2.85338582,0.57344923,0.0,0.5,0.16666667,-0.22954668,1.0,-0.69230769,-0.70034596,0.0,-0.89613035
601198.XSHG,-0.33017945,-0.91635432,-0.16848306,-0.33333333,-0.05005256,-0.10169417,0.20833333,-0.04697766,0.01,0.29565501,1.35144675,0.01,-0.57259647,-0.08749964,-1.56666637,-0.49345978,-0.16746606,-0.30477436,1.26461941,-0.00721016,1.0,-0.05008048,-0.15,-2.03,0.34465861,-0.64285714,1.0,0.0002575,1.577654,0.15836887,1.54353433,0.00740564,0.16737357,0.34368869,0.10253906,2.05917558,1.08160883,-0.40696465,-0.8387951,-0.129477,-0.01170944,0.88649425,0.4875,-0.78439384,,1.0,-0.35323659,1.0,-0.44323432,1.0,0.01301209,0.76923077,-0.29573204,-0.49196165,-0.63895659,0.13520644,-2.1e-07,0.0,-1.0,0.0,0.0,-0.88542697,-1.0,0.93333333,3.6586134,-0.59200529,-1.0,0.0,0.75178282,1.20233144,1.07777824,0.80068333,-1.0,0.5,0.16666667,-0.35921697,1.0,-0.92307692,0.21533435,0.0,0.18561485
601211.XSHG,0.42773246,-0.550384,-0.57387105,-0.55555556,-0.324226,-0.61515881,-0.35,-0.11465177,-0.18,0.13263639,0.54218138,-0.18,-0.43427077,-0.54965205,-1.45957939,-0.36330935,-0.58411727,-0.83714846,-1.70989873,-0.32776085,-1.0,0.03465573,-0.49,-3.48,0.03397582,-0.82773811,1.0,0.00015738,0.99711664,0.00640226,1.53919787,0.0068235,0.1634584,0.47776324,0.02746582,1.56752973,0.28563668,-0.69843654,-1.40716256,-0.32468039,0.01765309,0.37908497,0.175,-0.577638,,1.0,-0.56801864,1.0,-0.47120763,1.0,0.13084613,0.284689,-0.40340237,-0.67149719,-0.23098927,0.02989427,-0.00018643,0.0,-1.0,-1.0,0.0,-0.6308935,-1.0,0.33333333,4.70905169,-0.77469442,-1.0,0.0,0.79147365,0.40038603,0.92783465,0.50603604,-1.0,0.5,0.66666667,-0.74057427,0.0,-0.875,-0.28460532,-1.0,0.21691974
601216.XSHG,0.03115824,0.01275107,-0.21633329,-0.22222222,-0.1726796,-0.14722651,-1.0,-0.239159,0.06,0.37798105,0.85757416,-0.06,-0.21582734,-0.02725524,-2.09528836,-0.23937214,-0.02681683,-0.62230216,1.81280627,-0.00242344,-1.0,0.04731019,0.02,-0.62,0.73799412,-0.69006556,-1.0,9.307e-05,1.81897117,0.1623742,1.63078019,0.0051739,0.29200653,0.61641596,0.29003906,1.79422724,0.50889487,-0.29592281,-1.26420949,-0.1966462,0.01749343,2.48469388,0.15,-0.65666014,,0.06,-0.07219572,0.06,-0.9562356,0.06,-0.10031754,0.72,-0.50959665,-0.61736693,-0.05572994,-0.02403487,-0.00094219,1.0,0.0,0.0,-1.0,-0.94131223,-1.0,0.26666667,6.3272493,-0.5,-1.0,1.0,0.67615692,-0.31053794,0.94184492,0.72626866,-1.0,0.2949429,0.16666667,-0.72925357,1.0,-0.875,0.23443657,-1.0,-0.11049724
601225.XSHG,0.03115824,0.2535068,-0.59647579,-0.33333333,-0.0323949,-0.42910033,-1.0,-0.0607753,-0.03,0.23995426,0.68137992,-0.03,-0.23806409,-0.13117648,-1.96376807,-0.23315893,-0.19494427,-0.79234794,1.82456713,-0.00812692,-1.0,0.04556312,0.0,-0.04,0.04639007,-0.58976782,1.0,0.00046002,1.48024246,0.05033291,-0.21155431,0.00711874,0.13670473,0.2089601,0.14099121,1.22846423,0.3163347,-0.36080502,-1.50272546,-0.28460997,0.0199342,2.05050505,0.15,0.09653665,,1.0,0.18896191,1.0,-0.43420617,1.0,0.21892845,1.20454545,-0.27889723,-0.29717235,-0.07241742,0.08195938,6.479e-05,1.0,-1.0,-1.0,0.0,-0.81173755,-1.0,,0.66356072,-0.4139412,-1.0,0.0,0.83193104,1.02932846,0.75785828,0.36480017,-1.0,,0.5,,0.0,,-0.44163587,0.0,0.15748031
601229.XSHG,0.24665579,-0.63939593,-0.18353376,-0.22222222,-0.03055484,0.00554446,-1.0,-0.05617608,0.21,0.63868017,0.15001268,-0.21,-0.30477436,0.00241071,-1.73236154,-0.63734467,-0.01578732,-0.59450621,1.57758902,-0.00758213,-1.0,-0.09658934,0.0,0.2,0.83926821,-0.91287093,1.0,0.00018438,1.64239843,0.11407821,2.22576307,0.00658914,0.33115824,0.2030739,0.3213501,3.51261458,0.96593596,-0.06124034,-0.95482929,-0.36920348,0.02749497,0.84811278,0.35,-0.8282312,,1.0,-0.07152279,1.0,-0.95287089,1.0,0.046426,5.51666667,-0.12465188,-0.01034379,-0.00893548,0.13714847,-0.00010814,1.0,0.0,-1.0,0.0,-1.11638642,0.0,0.5,1.38935683,-0.625,0.0,1.0,0.30099719,0.15005178,1.58489319,0.8869409,0.0,0.81435563,0.27777778,-0.36305753,1.0,-0.25,0.06589429,-1.0,-0.33232628
601288.XSHG,0.42773246,-0.59038911,0.08196008,-0.55555556,-0.28217176,0.14242147,-0.925,-0.20335085,-0.05,0.21463574,0.97853961,-0.05,-0.22236756,0.12286885,-1.42095797,-0.1824722,-0.64348213,-0.85088293,-1.75171513,-0.09766086,1.0,-0.00723531,-0.06,-0.07,0.09670042,-0.95257934,-1.0,0.0001467,0.83925295,0.04331187,1.60551984,0.00731352,0.0995106,0.3322433,0.0,0.88804736,0.20537588,-0.84570867,-1.43181174,-0.02705892,-0.01507551,12.54347826,0.15,-0.59072858,,-0.05,-0.31542669,-0.05,-0.90330033,-0.05,-0.07789611,0.33333333,-0.70181593,-0.87110861,-0.88838035,-0.00561167,-0.00069562,1.0,0.0,0.0,0.0,-1.43389383,0.0,,0.33467578,-0.75,0.0,0.0,0.7277912,-0.0324839,0.97534186,0.9596001,-1.0,0.38923328,0.52777778,-0.32854812,1.0,-0.75,0.05163401,-1.0,0.61728395
601318.XSHG,0.24665579,-0.79512256,0.08425741,-1.0,-0.17826484,-0.10466943,-1.0,-0.05814717,0.81,0.94152238,0.74118176,-0.81,-0.26357096,-0.05771909,-1.82960128,-0.22302158,-0.00255764,-0.6677567,-1.88337145,-0.19166126,-1.0,-0.59114951,-2.18,-2.15,0.99673309,-0.95940322,1.0,6.17e-05,0.83849934,0.05298282,1.2842599,0.00657699,0.56835237,0.44637018,0.14526367,2.1852032,1.01420115,-0.36051851,-1.34985245,-0.38569393,0.10968571,0.83590087,0.15,-0.67227692,,1.0,-0.95009549,1.0,-0.52574257,1.0,0.13049853,4.75735294,-0.18268986,-0.72056089,-0.00023608,0.21199132,0.00049015,0.0,0.0,-1.0,-1.0,-1.94098253,-1.0,,2.47560657,-0.97588371,0.0,0.0,0.31387146,5.55516258,0.72384009,0.65700767,0.0,0.40358891,0.66666667,-0.95487742,0.0,-1.0,0.07152273,0.0,-0.81827843
601328.XSHG,0.42773246,-0.70940184,-0.18508327,-0.44444444,-0.2254566,-0.01289124,-0.81666667,-0.14881735,-0.13,0.15452467,0.81571408,-0.13,-0.32537606,-0.01185217,-0.7256264,-0.22694572,-0.69322867,-0.8145847,-1.72590657,-0.1090445,1.0,-0.03111998,-0.1,-0.15,0.11270827,-0.91855865,-1.0,-0.00010262,0.78207733,0.04053011,-0.44567478,0.00685885,0.06460033,0.16056246,0.0,1.28248252,0.31391498,-0.87848332,-1.55105243,-0.06362707,-0.03308921,1.0078534,0.20625,-0.54033908,,1.0,-0.29659143,-0.13,-0.8473232,-0.13,-0.03162365,-0.6,-0.84192062,-0.88312933,-0.76002316,-0.04086087,-0.00069433,1.0,-1.0,0.0,0.0,-1.37388724,-1.0,,0.41104832,-0.6875,0.0,0.0,0.81829662,-0.31931155,0.96329202,0.66379374,-1.0,,0.13888889,,1.0,-0.625,-0.15875389,-1.0,0.86956522
601333.XSHG,0.24665579,-0.3759124,-0.49690383,-0.11111111,-0.16893741,0.43445762,-1.0,-0.11760841,0.08,0.42126756,1.02398112,0.08,-0.1913015,0.1201449,-1.17098398,-0.24558535,-0.10737761,-0.13113146,1.73407383,-0.16492361,-1.0,-0.03844837,-0.08,-0.69,0.70434499,-0.75058663,-1.0,0.00040192,1.76015727,0.04120422,1.67536078,0.00703563,0.68548124,0.19097449,0.17028809,3.97462388,1.1994021,-0.12003146,-1.2780977,-0.02307207,0.00250298,10.02484472,0.2,-0.23034139,,1.0,-0.14343475,0.08,-0.93702353,0.08,-0.01598693,,0.0,-0.48886127,-0.02236459,0.09465661,7.507e-05,1.0,0.0,-1.0,0.0,-0.67029344,-1.0,0.33333333,5.0390222,-0.5,-1.0,1.0,0.99831783,0.99354974,0.99403946,0.81641858,-1.0,0.58303426,0.83333333,-0.47343802,1.0,-0.75,0.06360608,-1.0,-0.59602649
601336.XSHG,0.42773246,-0.16553609,-0.16559347,-0.77777778,-0.96909538,-0.28952495,-0.78333333,-0.02562418,-0.52,0.05978438,0.86609388,0.52,-0.64486593,-0.26191952,-1.12054216,-0.58044474,-0.00177052,-0.9941138,-1.86540346,-0.01824948,-1.0,-0.02622346,-6.3,-5.12,0.00849396,-0.46291005,1.0,-2.701e-05,0.41425295,0.06104789,1.09223763,0.00459815,0.1096248,0.02550687,0.02197266,2.92048191,0.03004411,-0.83621321,-1.53758174,-0.72404248,0.35037134,0.00364601,0.1125,-0.61541318,,1.0,-0.96196847,1.0,-0.57913787,1.0,0.23604574,0.07975623,-0.61278768,-0.2971407,-0.43656583,-1.00799195,-0.00061863,0.0,0.0,-1.0,-1.0,-1.62380481,-1.0,1.0,3.50594995,-0.98579452,0.0,1.0,0.3005892,-8.30560491,0.37378928,0.89201934,0.0,0.2812398,0.66666667,-0.98257563,0.0,-1.0,0.07540007,0.0,0.18291155
601375.XSHG,0.42773246,-0.66405091,0.04819201,-0.66666667,-0.35244014,-0.31368108,-0.75,-0.68101183,-0.34,0.08967658,0.75435323,-0.34,-0.88652714,-0.30741157,-2.63719185,-0.87998692,-0.73554827,-0.86363636,-1.88729173,-0.08497662,-1.0,-0.02098834,-0.72,-0.59,0.02417511,-1.0,-1.0,0.00032782,0.80068807,0.00919236,1.87498219,0.00583012,0.03164763,0.18737737,0.0,3.05978963,0.73979601,-0.90942015,-1.665767,-0.45347035,-0.02483001,0.33670034,0.125,-0.92745467,,-0.34,0.15772073,-0.34,-0.83020731,-0.34,0.13554394,-19.37209302,-0.50314435,-0.7653868,-0.4278534,-1.12493299,-0.00066723,1.0,-1.0,0.0,-1.0,-1.6785361,-1.0,1.0,1.25310738,-0.80508755,0.0,0.0,0.9378496,-0.2543673,0.84868221,0.35090205,-1.0,0.07732463,0.05555556,-0.60228385,1.0,-0.75,-0.64298545,0.0,0.51355207
601377.XSHG,0.42773246,-0.07520982,-0.39150534,-1.0,-0.4489918,-0.58971485,-0.78333333,-0.16162943,0.03,0.32718066,0.77059254,0.03,-0.22498365,-0.43204535,-1.89802034,-0.24787443,-0.18606589,-0.72792675,-1.59882391,-0.32963847,-1.0,0.04635537,-0.17,-1.08,0.0976805,-0.96934549,1.0,0.00049844,1.22496723,0.00827977,1.45448448,0.00621785,0.26916803,0.24002616,0.02050781,2.37555362,0.47088701,-0.68642996,-1.26595402,-0.13774346,0.00405872,1.09956076,0.15,-0.56957909,,1.0,-0.46570685,-0.03,-0.42513985,1.0,0.00381052,-3.82142857,-0.41689247,-0.4972766,-0.44389145,0.01082847,0.000498,1.0,0.0,0.0,0.0,-0.76409496,-1.0,0.25,1.34621313,-0.68979187,0.0,0.0,0.99818689,0.19083393,0.97342737,0.89956109,0.0,,0.19444444,,1.0,-0.75,0.14602726,0.0,-0.11695906
601390.XSHG,0.24665579,-0.0415932,-0.68643486,-0.11111111,-0.13271473,-0.68993488,0.81666667,-0.1064389,0.16,0.56550147,1.07938805,0.16,-0.11935906,-0.19169881,-0.58589306,-0.09058208,-0.03517462,-0.55689993,1.76543613,-0.14400277,1.0,0.0403117,0.0,-0.2,0.83240771,-0.91855865,1.0,-0.00036793,1.80996068,0.07768415,0.10696586,0.0064363,0.68515498,0.15140615,0.6887207,3.22568888,1.17982143,-0.02884357,-1.15013823,-0.15656201,0.02761591,1.46863469,0.55,-0.34486805,,1.0,0.07186233,0.16,-0.99041639,1.0,0.07788304,4.97435897,-0.16425888,0.37785404,-0.00321205,0.05775011,-3.62e-06,1.0,-1.0,-1.0,0.0,-1.19848335,0.0,1.0,15.2433897,-0.8125,-1.0,1.0,0.91831696,0.11613873,1.47616159,0.59550567,-1.0,0.5,1.0,,0.0,,-0.48281146,0.0,-0.7960199
601398.XSHG,0.42773246,-0.67523975,-0.1014259,-0.77777778,-0.34793897,-0.10483057,-0.95833333,-0.20302234,-0.14,0.14831754,0.92614883,-0.14,-0.27305428,-0.09565961,-1.68856033,-0.22236756,-0.70149641,-0.88914323,-1.79483829,-0.1174288,1.0,-0.00445333,-0.11,-0.15,0.20875531,-0.83195571,-1.0,0.00033088,0.76422018,0.05090521,-0.54022501,0.00731962,0.05611746,0.1618705,0.0,1.15991634,0.1384653,-0.88644726,-1.4446977,-0.09636528,-0.03859179,1.5254902,0.140625,-0.37689602,,-0.14,-0.40949828,-0.14,-0.56498848,-0.14,-0.14230644,-0.14285714,-0.88307925,-0.81772053,-0.87945116,-0.04032106,-0.00069777,1.0,-1.0,0.0,0.0,-1.51104517,-1.0,,1.99155419,-0.6875,0.0,0.0,0.87774947,-0.33249447,0.95227068,0.90018093,-1.0,,0.52777778,,1.0,-1.0,-0.08252215,0.0,0.92715232
601555.XSHG,0.24665579,-0.66076301,-0.02711004,-1.0,-0.33325197,-0.42701763,-0.91666667,-0.23226018,0.05,0.36573015,0.89025121,-0.05,-0.54839765,-0.36951296,-1.9290338,-0.45421844,-0.08752831,-0.72890778,-1.40509637,-0.27458943,-1.0,0.10590258,-0.23,-1.47,0.64913427,-0.96308682,1.0,0.00052603,1.03230668,0.07847713,1.24061295,0.00702549,0.31582382,0.27534336,0.12304688,2.19214662,1.23899574,-0.5712748,-0.54867862,-0.36061925,-0.01443455,1.25988701,0.2,-0.34503234,,0.05,-0.5499887,0.05,-0.93027098,0.05,-0.01215289,3.38461538,-0.20501228,-0.7138375,-0.16765088,0.09493144,0.00046047,0.0,0.0,-1.0,0.0,-1.81173755,-1.0,0.53333333,3.24802779,-0.83052527,0.0,1.0,0.9348808,3.22228758,0.96644685,0.98870445,0.0,,0.16666667,,1.0,-0.625,0.39258429,0.0,-0.23904382
601600.XSHG,0.42773246,0.16270581,-0.59263896,-0.88888889,-0.57325527,-0.65776583,-1.0,-0.26281209,-0.42,0.82179026,0.46803598,-0.42,-0.36003924,-0.64030874,-1.84563413,-0.33060824,-0.80070925,-0.9323087,-1.87912447,-0.00238715,-1.0,-0.16286557,-0.62,-2.26,0.00326691,-0.72222222,-1.0,0.00039106,0.53892529,0.01006866,1.14955946,0.0064484,0.00652529,0.10954872,0.0,1.70130473,0.31505028,-0.93300565,-1.505764,-0.59220227,-0.16842264,1.36944444,0.10625,-0.75512935,,1.0,-0.14518561,-0.42,-0.6538335,-0.42,0.13131003,0.00628931,-0.50189844,-0.66396781,-0.49315257,-0.01720634,-0.00069863,1.0,-1.0,-1.0,0.0,-1.18133861,-1.0,1.0,0.9361893,-0.89791873,0.0,0.0,0.8330252,-0.13563198,0.67547277,0.84973419,-1.0,0.03523654,0.63888889,-0.7908646,1.0,-1.0,0.65907908,-1.0,0.68917018
601601.XSHG,0.42773246,-0.29533457,-0.18302577,-0.88888889,-0.88316279,-0.0573895,-0.7,-0.51018397,-0.35,0.08755309,0.15202943,0.35,-0.51962067,-0.05015,-0.79775616,-0.41890124,-0.02965621,-0.94179202,-1.79875858,-0.93834971,-1.0,-0.38390743,-2.06,-10.29,0.02548187,-0.78247589,-1.0,-0.00054535,0.25537353,0.06312591,1.73172135,0.00615788,0.18531811,0.03793329,0.0,2.02460422,0.20114364,-0.7651504,-1.73565459,-0.29160911,-0.08585053,0.05702067,0.09375,-0.41932663,,1.0,-0.89318758,-0.35,-0.79009901,1.0,-0.04407187,0.01394385,-0.65388502,-0.42331964,-0.38828456,-0.15335125,-0.00062637,0.0,-1.0,-1.0,-1.0,-1.05720409,-1.0,,7.09332644,-0.96597291,0.0,1.0,0.4067167,-1.28203165,0.79161514,0.92755185,-1.0,0.34486134,0.13888889,-0.95766846,0.0,-1.0,0.0179602,-1.0,0.08390542
601607.XSHG,-0.33017945,0.54074927,0.02215557,-0.44444444,-0.00727575,0.12840095,-1.0,-0.0588042,-0.13,0.15583143,0.0575291,-0.13,-0.25801177,0.10160167,-1.31726622,-0.7910399,-0.00463056,-0.89895356,1.76086246,-0.22053257,-1.0,-0.95360111,0.0,0.21,0.60470434,,1.0,-5.192e-05,1.58263434,0.28392166,2.59390588,0.00777323,0.31158238,0.72759974,0.06958008,2.37029067,0.86554181,-0.06303186,-1.66733469,0.19199843,0.01411232,0.68480451,0.15625,-0.76067979,,1.0,0.02523246,0.13,-0.26039604,0.13,0.22142176,7.13020833,-0.12292907,-0.49975955,-0.08791564,0.31849059,-0.00032278,1.0,0.0,0.0,0.0,-0.18480053,-1.0,1.0,0.67715827,-0.3125,-1.0,1.0,0.53201132,0.60225838,1.69030851,0.93442144,0.0,0.5,0.16666667,-0.39491053,1.0,-0.625,-0.00274986,-1.0,-0.47808765
601608.XSHG,0.24665579,-0.83545626,0.97477799,-0.55555556,-0.73169633,0.87581715,0.95,-0.24080158,0.08,0.42126756,0.06426851,-0.08,-0.38914323,0.55613815,-2.07947946,-0.31523872,-0.01799874,-0.80412034,1.4841555,-0.09774898,1.0,,0.0,-0.01,0.38124796,-0.48038446,-1.0,0.00046303,1.30134338,0.27388394,0.06903529,0.00405757,0.54192496,0.11249182,0.6427002,3.02926122,0.43042126,-0.19151154,-0.64913556,0.04171607,0.02117712,3.51690821,0.10416667,-0.06595012,,1.0,-0.0280118,0.08,-0.94646398,0.08,-0.00120484,,-0.21356106,-0.76559346,-0.00340672,0.15610867,-0.00014428,1.0,0.0,-1.0,0.0,-0.66732608,-1.0,1.0,0.03492757,-0.44037,-1.0,0.0,0.76328437,0.09952683,1.04246576,0.74767085,0.0,0.47504078,0.16666667,,1.0,-1.0,-0.20268256,0.0,-0.69306931
601611.XSHG,-0.11810767,0.37732913,0.19320129,-0.11111111,-0.1187174,0.45419735,0.25,-0.44185283,0.23,0.67200261,0.84210336,0.23,-0.06507521,0.08423188,-1.40115127,-0.04185742,-0.04244176,-0.2910399,1.0663182,-0.03611772,1.0,0.45678537,0.0,-0.27,0.71643254,-0.42137491,1.0,6.372e-05,1.08024246,0.2054048,0.24796986,0.00732278,0.74812398,0.67331589,0.56396484,1.35542967,1.02177932,-0.02308083,-0.33527841,-0.02062335,0.04893739,1.1625498,0.7875,0.65650236,,0.23,0.13677121,0.23,-0.77096453,0.23,-0.0031885,21.2,-0.04616612,0.73169755,-0.01368749,0.40159797,0.00017924,1.0,0.0,0.0,0.0,-0.70441807,0.0,1.0,0.51973772,-0.6875,0.0,1.0,0.98182599,0.3930326,1.20804757,0.86096275,0.0,0.9954323,0.77777778,-0.31125612,1.0,-1.0,-0.0108649,0.0,-0.95435685
601618.XSHG,0.24665579,-0.31863235,-0.73300695,-0.11111111,-0.17571306,-0.92909337,-1.0,-0.13173456,0.1,0.46341065,0.83872581,0.1,-0.16808371,-0.26941272,-0.27322216,-0.14682799,-0.04485959,-0.44506213,1.79516498,-0.0929476,-1.0,0.01192321,0.0,0.06,0.75857563,-0.96256693,1.0,-0.0002323,1.79390564,0.04394959,0.02680718,0.0067724,0.72463295,0.12786135,0.56762695,3.09367657,1.15569348,-0.02523066,-0.60447031,-0.06138679,0.00913864,5.75141243,0.30625,-0.74725422,,1.0,-0.09736583,0.1,-0.65350149,0.1,0.02418817,1.0,-0.18383492,0.21024336,-0.00751527,0.04321738,1.358e-05,0.0,-1.0,-1.0,0.0,-0.42120013,-1.0,1.0,1.58164188,-0.625,-1.0,1.0,0.95913706,0.55673142,1.23330956,0.43025292,-1.0,0.54812398,0.97222222,-0.05269168,1.0,-0.69230769,-0.5244203,-1.0,-0.82644628
601628.XSHG,0.24665579,-0.52301443,0.00357752,-0.44444444,-0.45082708,0.26501926,-1.0,-0.04303548,0.42,0.81934008,0.71306867,-0.42,-0.40451275,0.17358241,-0.77569192,-0.3940484,-0.00771162,-0.54381949,-1.78961124,-0.19763211,-1.0,0.07252837,0.0,-0.4,0.94217576,-0.57259833,1.0,-0.00035363,0.75517693,0.12707437,1.91343792,0.00699111,0.54845024,0.35775016,0.26660156,3.01646712,1.09216399,-0.26235347,-1.28852009,-0.22288342,0.04915818,0.46544483,0.0875,-0.42037876,,1.0,-0.43270443,1.0,-0.75174014,1.0,0.15198171,1.5862069,-0.35630506,-0.51639943,-0.00019766,0.06427219,-0.00023116,0.0,-1.0,-1.0,-1.0,-1.12759644,-1.0,1.0,0.09705032,-0.61711265,-1.0,1.0,0.95614416,0.82884537,0.97922245,0.51414356,-1.0,0.5,0.16666667,-0.79353012,1.0,-1.0,-0.72668767,0.0,-0.66549912
601633.XSHG,-0.33017945,0.38120665,0.36459784,-0.44444444,-0.12642927,0.72311241,-1.0,-0.42772668,-0.07,0.19895459,0.52965326,0.07,-0.04643558,0.6442145,-0.7501562,-0.09810334,-0.09932039,-0.57782865,1.81084613,-0.06333071,1.0,0.20338255,0.0,0.1,0.14897092,0.13363062,1.0,0.00011617,1.69007208,0.0901163,-0.15951945,0.00707999,0.14257749,0.24820144,0.01812744,3.15795809,0.34819774,-0.35835149,-1.3388387,-0.20932618,-0.01004073,0.25679172,0.1,0.20263324,,-0.07,-0.14061337,-0.07,-0.38548227,-0.07,-0.16970925,-0.13888889,-0.77279168,-0.1368722,-0.12541675,-0.06936111,-0.00097446,0.0,0.0,-1.0,0.0,-0.32657435,0.0,0.5,3.30479157,-0.5,0.0,1.0,0.77599604,-0.67989286,1.06210072,0.94357236,-1.0,0.8593801,0.83333333,-0.645677,0.0,-0.84615385,0.1349417,0.0,0.59602649
601668.XSHG,0.24665579,-0.09637866,-0.76580692,-0.22222222,-0.08113389,-0.8494026,-1.0,-0.07522996,0.3,0.7440379,0.96433937,0.3,-0.19686069,-0.07375219,-1.97918102,-0.19326357,-0.03266021,-0.43655984,1.92126756,-0.0682196,-1.0,0.08900281,-0.16,0.09,0.9931395,-0.84016805,1.0,0.00045865,1.71248362,0.04444946,-0.08725489,0.00714038,0.78694943,0.29463702,0.35760498,2.73330386,1.40316857,-0.05075097,-1.51780137,-0.3694357,0.04167259,1.85356812,0.35,-0.20303215,,1.0,0.12282528,1.0,-0.61168271,1.0,0.19434172,7.5,-0.09065405,0.01673791,-0.00034451,0.15116044,8.544e-05,0.0,-1.0,-1.0,-1.0,-0.34272997,-1.0,1.0,17.2719331,-0.625,-1.0,0.0,0.89997679,1.14895088,0.95286396,0.40565403,0.0,0.5,0.91666667,-0.22903752,1.0,-0.875,-0.34600351,-1.0,-0.61994609
601669.XSHG,0.24665579,-0.07212977,-0.62418587,-0.11111111,-0.08242873,-0.71685953,0.425,-0.11366623,0.16,0.56550147,1.14398849,0.16,-0.1412688,-0.24263299,-0.71478076,-0.17854807,-0.0313498,-0.4764552,1.81672656,-0.11720478,1.0,0.01348291,-0.03,0.09,0.86932375,-0.96824584,1.0,-0.00040914,1.38718873,0.08457722,0.11694734,0.00697602,0.65774878,0.1500981,0.56762695,3.43897816,1.20992198,-0.03135171,-1.12220093,-0.11380733,-0.00226732,2.65835777,0.34375,-0.64615866,,1.0,0.10573196,0.16,-0.90640558,1.0,0.04888598,9.44444444,-0.0991257,-0.04583234,-0.00611544,0.12639607,1.1e-05,1.0,-1.0,-1.0,0.0,-0.8793274,0.0,1.0,5.81858634,-0.75,-1.0,1.0,0.77626729,0.58186449,1.47616159,0.52831135,-1.0,0.88384992,1.0,-0.22954668,1.0,-1.0,-0.51338345,-1.0,-0.63348416
601688.XSHG,0.42773246,-0.66373518,-0.21218888,-1.0,-0.43273607,-0.749874,-0.85,-0.11432326,-0.32,0.75890232,0.78471994,-0.32,-0.60660562,-0.64102925,-2.46126529,-0.60627861,-0.67571228,-0.89960759,-1.60731787,-0.14498262,-1.0,-0.28644841,-0.86,-4.03,0.00882065,-0.80009469,-1.0,0.0004847,0.95432503,0.00815722,1.11702396,0.00627898,0.09722675,0.37965991,0.00946045,2.45748967,0.51120245,-0.8478528,-1.36964562,-0.58025054,-0.07911818,0.6356795,0.2625,-0.98333402,,1.0,-0.60113085,1.0,-0.95557749,1.0,-0.09068932,0.48162476,-0.48212933,-0.63485881,-0.50776325,0.06093928,-0.0005825,0.0,0.0,-1.0,0.0,-1.87668975,-1.0,0.25,5.74889058,-0.92335646,0.0,0.0,0.98747239,0.99723005,0.84264377,0.9287913,0.0,0.18727569,0.33333333,-0.9151614,1.0,-1.0,0.28936047,-1.0,0.30735456
601718.XSHG,-0.11810767,-0.24665615,-0.3690557,-0.11111111,-0.10581118,-0.18122076,0.95,-0.18199737,0.31,0.75073505,0.0196079,0.31,-0.65402224,-0.0050471,-1.84829925,-0.63145847,-0.04626929,-0.3557881,1.61254492,-0.07023062,1.0,-0.00284627,0.14,-0.55,0.93172166,-0.88070485,-1.0,-0.00016651,1.86615334,0.2966675,2.03055441,0.00454712,0.95758564,0.68181818,0.49438477,2.50324213,0.91627163,-0.01016571,-0.0158611,-0.26180761,0.01728664,2.72659176,0.65,-0.81047521,,0.31,0.39020552,0.31,-0.61599734,0.31,-0.07372297,32.4375,-0.03509474,-0.52426468,-0.00316498,0.17042903,0.00031473,1.0,0.0,0.0,-1.0,-0.42581602,-1.0,1.0,1.06382746,-0.8125,-1.0,0.0,0.69499438,1.93523379,1.54703098,0.52510945,-1.0,0.5,0.16666667,-0.48189233,1.0,-1.0,-0.20903685,-1.0,-0.90909091
601727.XSHG,0.24665579,-0.46360326,-0.72821577,-0.11111111,-0.09636942,-0.15732294,-1.0,-0.16819974,0.07,0.40444299,0.0450029,-0.07,-0.68999346,-0.13629157,-1.74273674,-0.73119686,-0.00484188,-0.43296272,1.53054557,-0.16552132,1.0,-0.02745869,0.0,-1.05,0.56125449,-0.32274861,-1.0,0.00046072,1.50219528,0.10884757,2.05522705,0.00614293,0.49265905,0.23577502,0.17773438,1.75779751,1.21250826,-0.04646025,-1.17375282,-0.15702718,0.00861199,1.6863711,0.05,-0.84295728,,1.0,-0.07918705,0.07,-0.89557171,0.07,0.01060111,-8.0,-0.17666387,-0.91876496,-0.01251008,0.04217112,-9.995e-05,1.0,-1.0,0.0,-1.0,-0.30052753,0.0,,0.89486991,-0.75,-1.0,0.0,0.45311791,0.24067974,1.66899625,0.85637819,-1.0,0.96541599,1.0,-0.05269168,0.0,-0.84615385,0.13198312,-1.0,-0.74380165
601766.XSHG,0.42773246,-0.23748546,-0.73678114,-0.44444444,-0.15587449,-0.73706831,-1.0,-0.16491459,-0.01,0.26102581,0.86229725,-0.01,-0.20503597,-0.51971527,-0.8640784,-0.22040549,-0.33855661,-0.75768476,1.66579549,-0.10854866,-1.0,0.00700029,-0.09,-0.29,0.15125776,-0.58158,1.0,0.00012618,1.65743775,0.04462099,1.9167653,0.00602127,0.20946166,0.147155,0.11206055,1.79691191,0.29431432,-0.53412389,-1.32990558,-0.08770108,0.01165331,0.73954373,0.175,-0.06301296,,1.0,-0.27536996,-0.01,-0.61566545,-0.01,0.0,-0.58333333,-0.27138247,0.28735074,-0.08177533,0.01869578,-4.405e-05,1.0,-1.0,-1.0,0.0,-0.76046818,-1.0,1.0,8.38683951,-0.45259333,-1.0,1.0,0.74611761,0.01378291,0.97288565,0.49763635,0.0,0.99119086,0.05555556,-0.39779162,1.0,-0.5,-0.54338154,-1.0,0.09009009
601788.XSHG,0.42773246,-0.84903789,-0.45617602,-0.55555556,-0.27871134,-0.65172016,-0.55,-0.12844941,-0.05,0.21659588,0.95504997,-0.05,-0.68214519,-0.57655453,-1.15739447,-0.38325703,-0.44771894,-0.45127534,-1.43253839,-0.07343929,-1.0,-0.07573994,-0.22,-1.13,0.12054884,-0.59215653,1.0,0.00049115,1.40612713,0.00840522,1.35822463,0.00697368,0.15138662,0.29038587,0.03662109,2.29412959,0.97270626,-0.79700614,-1.16106062,-0.15714978,-0.01047123,0.4624183,0.35,-0.83728692,,1.0,-0.49586082,-0.05,-0.65218822,1.0,0.04073179,-3.83333333,-0.4483021,-0.969855,-0.36653962,0.02056099,8.93e-06,0.0,-1.0,-1.0,0.0,-1.55192878,-1.0,0.25,2.85508535,-0.72547076,0.0,0.0,0.87776477,0.36766839,0.98991619,0.76148071,0.0,0.76313214,0.33333333,-0.73659859,1.0,-1.0,0.19616633,0.0,0.34482759
601800.XSHG,0.24665579,0.10212362,-0.46942519,-0.11111111,-0.00998912,-0.30523447,0.86666667,-0.03547963,0.79,0.93809213,1.67461231,0.79,-0.0353172,-0.01290146,-0.45405581,-0.10170046,-0.00696662,-0.35120994,1.85102908,-0.01432689,1.0,0.27522299,0.0,0.69,0.98987259,-0.84515425,1.0,-0.00010976,1.84469201,0.05081263,2.62740005,0.00745851,0.98760196,0.50163506,0.82305908,4.22602727,1.81026364,-0.00116449,-1.33577541,-0.13783851,0.1053562,1.46009641,0.85,0.50014707,,1.0,0.46277196,1.0,-0.46298744,1.0,0.55114015,18.66666667,-0.04492423,0.57068598,-0.0008917,0.39549,5.748e-05,1.0,-1.0,0.0,0.0,-1.06726014,0.0,1.0,3.84844215,-0.75,0.0,1.0,0.99537271,2.19972264,5.68325833,0.74865505,0.0,0.5,0.16666667,-0.22954668,1.0,-0.53846154,-0.47799857,0.0,-0.87990488
601818.XSHG,0.42773246,-0.66286842,-0.56321447,-0.44444444,-0.20043186,-0.51984924,-0.275,-0.15965834,-0.04,0.22345639,0.89403374,-0.04,-0.22531066,-0.44200812,-1.71520506,-0.18803139,-0.56617893,-0.60104644,-1.68082326,-0.13616853,1.0,-0.01537377,-0.09,-0.54,0.10290755,-0.97339949,-1.0,0.00050802,1.40330931,0.01255227,-0.22376834,0.00621558,0.14094617,0.51373447,0.02929688,1.4564333,0.28688112,-0.71722489,-1.34135207,-0.02464393,-0.00763485,6.4673913,0.16875,-0.89589426,,1.0,-0.23519043,-0.04,-0.83212161,-0.04,0.02315583,0.6,-0.60349978,-0.78097001,-0.33892749,-0.00369263,-0.00125832,1.0,-1.0,0.0,0.0,-1.12479393,-1.0,,0.54332795,-0.5,-1.0,0.0,0.9671935,-0.00197682,0.95926412,0.35802157,-1.0,,0.16666667,-0.17781403,1.0,-0.625,-0.46350182,-1.0,0.37037037
601857.XSHG,0.24665579,-0.48659216,-0.340606,-0.44444444,-0.29346327,-0.48431528,-1.0,-0.12877792,0.09,0.43809213,0.08971007,-0.09,-0.3911053,-0.27706896,-2.12438396,-0.54872466,-0.08407067,-0.54872466,-1.65828161,-0.0488623,-1.0,0.00502077,-0.04,-0.74,0.57595557,-0.87893025,-1.0,2.61e-06,0.84498689,0.0558511,1.69408814,0.00698989,0.34714519,0.088293,0.19866943,1.06384709,0.84105873,-0.44113698,-0.77585831,-0.05783136,0.00211407,1.16785206,0.075,-0.52039119,,1.0,-0.2642561,0.09,-0.905078,0.09,-0.00988958,2.25,-0.25777304,-0.69655885,-0.00013757,0.01901775,0.00043251,1.0,0.0,-1.0,0.0,-0.57253544,-1.0,,1.52726724,-0.4375,-1.0,1.0,0.77153466,0.10238106,1.0121125,0.70819859,-1.0,0.92724307,0.33333333,-0.24502447,1.0,-0.30769231,0.01372057,-1.0,-0.61728395
601866.XSHG,0.03115824,-0.38872501,0.49828613,-0.88888889,-0.27305967,0.29011916,-1.0,-0.17411301,0.05,0.36082979,0.02769135,-0.05,-0.24264225,0.04334677,-1.16855819,-0.23904513,-0.03244747,-0.4323087,1.48742241,-0.17414228,-1.0,0.02764927,0.03,-0.4,0.44103234,-0.58333333,1.0,0.0005089,1.72493447,0.18043473,1.68094187,0.00673633,0.60603589,0.47187704,0.23071289,1.8540639,1.25327579,-0.20702932,-0.08339319,-0.01885793,0.00636246,17.24528302,0.05,0.13962794,,1.0,-0.20562261,0.05,-0.52502486,0.05,-0.00456713,,0.0,0.03519246,-0.0306135,0.02696035,0.00035015,0.0,0.0,-1.0,0.0,-1.20886911,-1.0,0.75,1.83224705,-0.44962009,0.0,1.0,0.98107837,0.82952594,0.95926412,0.79113114,-1.0,0.36052202,0.16666667,-0.28646003,1.0,-0.53846154,0.4405029,-1.0,-0.98360656
601872.XSHG,,,,,,,,,,,,,,,,,,,,,,,,,,,,,,,,,,,,,,,,,,,,,,,,,,,,,,,,,,,,,,,,,,,,,,,,,,,,,,,,,
601877.XSHG,0.42773246,-0.33913287,0.34813265,-0.66666667,-0.40368631,-0.52872152,-0.63333333,-0.71550591,-0.3,0.09670042,0.84378904,-0.3,-0.91072596,-0.20372756,-1.79403183,-0.83355134,-0.78487443,-0.90614781,-1.52107155,-0.13380743,1.0,-0.21188013,-0.24,-2.29,0.11760862,-0.29129493,1.0,0.00039873,0.79282438,0.18732413,-0.48970945,0.0062316,0.08743883,0.13963375,0.0,2.92470002,0.88655304,-0.85704196,-1.45524156,-0.46489177,-0.14027797,0.37223975,0.25,-0.89232224,,-0.3,-0.6783922,-0.3,-0.8183613,-0.3,-0.05351192,-0.63571429,-0.6621204,-0.95182379,-0.80449268,0.12162917,-0.00055282,0.0,-1.0,0.0,-1.0,-1.45433564,0.0,1.0,0.65162582,-0.85563264,0.0,0.0,0.28311761,0.03659585,1.0,0.94967637,-1.0,0.66884176,0.77777778,-0.90115025,0.0,-1.0,-0.14410584,-1.0,0.53475936
601881.XSHG,0.42773246,-0.81146237,-0.07350792,-0.77777778,-0.3749346,-0.55892124,-0.93333333,-0.64651774,-0.94,0.02401176,0.30246087,-0.94,-0.94637018,-0.55525858,-2.02935279,-0.9293656,-0.83448085,-0.97449313,-1.80300555,-0.17093294,-1.0,-0.05303146,-1.28,-1.22,0.00914734,-0.84274983,-1.0,0.00025782,1.10206422,0.01083182,1.31669094,0.00499463,0.00783034,0.02583388,0.0,3.27257768,0.61034713,-0.93178043,-1.62329615,-0.65633506,-0.07746822,0.04957599,0.125,-0.88275676,,-0.94,0.04295996,-0.94,-0.85587364,-0.94,0.07533486,-0.89642041,-0.54773736,-0.90630381,-0.62361217,-0.35902725,-0.0006896,0.0,-1.0,-1.0,0.0,-0.93949885,0.0,1.0,0.93336903,-0.88206145,-1.0,0.0,0.32606275,-1.52957579,0.97253464,0.9650488,0.0,0.04176183,0.16666667,-0.79477977,0.0,-1.0,0.02951321,-1.0,0.73957514
601888.XSHG,-0.33017945,-0.49131633,0.5305465,-0.66666667,-0.24429902,0.07530438,-0.25,-0.51675427,-0.07,0.19895459,1.2945437,-0.07,-0.33322433,0.06138836,-0.70599544,-0.12818836,-0.28300889,-0.53302812,-1.76772297,-0.21555096,1.0,-0.28168417,-0.03,0.0,0.11564848,-0.08908708,1.0,0.00010094,1.28964613,0.06759105,-0.11781059,0.00711398,0.1954323,0.36429039,0.22302246,3.3638192,0.89020192,-0.63774388,-1.46634069,-0.23902623,0.00736867,0.68605969,0.25,-0.16644997,,-0.07,-0.67784183,-0.07,-0.29035466,-0.07,-0.11077426,2.09677419,-0.2474464,0.07799973,-0.29110109,0.3634564,-3.118e-05,0.0,-1.0,-1.0,-1.0,-1.5151665,-1.0,0.5,1.42233372,-0.76181037,0.0,1.0,0.68501009,2.77885481,1.0,0.75172078,0.0,0.61305057,0.33333333,-0.6411093,0.0,-0.76923077,-0.08870868,-1.0,0.14962594
601899.XSHG,0.24665579,-0.05855857,-0.52938416,-0.44444444,-0.34120367,-0.22891262,-0.98333333,-0.2000657,0.02,0.30235217,0.93717122,-0.02,-0.19980379,-0.14130779,-1.10529018,-0.18051014,-0.1563119,-0.8086985,-1.60829794,-0.04127906,-1.0,0.00857555,-0.05,-0.54,0.53446586,-0.88614695,1.0,0.00049803,1.19108781,0.06387709,1.65385626,0.0060134,0.22838499,0.21975147,0.04119873,1.64186828,0.53146494,-0.64424984,-0.58267843,-0.06368584,-0.00072339,17.85714286,0.075,-0.56960726,,1.0,-0.33038718,0.02,-0.59641553,0.02,-0.0211016,,-0.4,-0.82031261,-0.03285914,0.01110841,0.00047381,1.0,0.0,-1.0,0.0,-1.54071876,0.0,0.53333333,0.92767987,-0.53055831,0.0,0.0,0.99201175,0.23473979,0.97981512,0.9789805,-1.0,0.38433931,0.30555556,-0.33278956,1.0,-0.53846154,-0.02200498,-1.0,0.0
601901.XSHG,0.42773246,-0.94905905,-0.51074155,-0.77777778,-0.23506995,-0.49240762,-0.06666667,-0.23028909,-0.09,0.1813133,0.84794056,-0.09,-0.67004578,-0.44836199,-1.47446242,-0.44375409,-0.43663882,-0.81425768,-1.73374714,-0.3593463,-1.0,-0.13708084,0.0,-0.27,0.12283567,-0.77407027,-1.0,0.00021429,1.36828309,0.00661491,1.97520195,0.00680203,0.12724307,0.37540876,0.05383301,1.635973,0.59210626,-0.65673518,-1.46032669,-0.20928659,-0.01929134,0.52941176,0.10625,-0.65528355,,1.0,-0.62959531,-0.09,-0.64507601,-0.09,-0.03201568,-4.36538462,-0.6911636,-0.53326879,-0.15414867,-0.09619147,-0.00123165,1.0,-1.0,0.0,-1.0,-1.37421695,-1.0,0.46666667,10.71633748,-0.69772052,0.0,0.0,0.94981388,-0.54060131,1.0,0.88551988,-1.0,0.5,0.5,-0.67825705,1.0,-0.875,-0.18535853,-1.0,0.44198895
601919.XSHG,0.42773246,-0.70778591,-0.8902659,-1.0,-0.90538687,-0.67982194,-1.0,-0.72273325,-0.09,0.1813133,0.00046521,0.09,-0.05166776,-0.00712788,-1.049627,-0.04807063,-0.07686235,-0.93590582,-1.80921268,-0.05941386,1.0,1.11124263,0.2,-2.07,0.11662855,-0.88388348,-1.0,0.00042047,0.6697903,0.23045424,1.17591862,0.00432346,0.09657423,0.36592544,0.02050781,3.69565729,0.17032887,-0.84846541,-1.55058424,-0.68265327,0.00732274,0.40310078,0.02083333,0.515738,,-0.09,-0.8284692,-0.09,-0.90686112,-0.09,-0.09037569,,-0.79986839,0.52361255,-0.78995831,-0.11506916,-0.00068917,1.0,0.0,-1.0,0.0,-1.70570392,-1.0,0.75,1.01960605,-0.9213743,-1.0,1.0,0.9434205,-2.59152235,0.15794439,0.97643965,-1.0,0.02120718,0.77777778,-0.91533964,1.0,-1.0,0.88594579,-1.0,0.35587189
601933.XSHG,0.03115824,0.32210565,-0.04193757,-0.55555556,-0.2211762,0.47941488,-1.0,-0.38173456,0.03,0.32195361,0.11547705,-0.03,-0.48430347,0.34259628,-2.07961096,-0.55101373,-0.03167908,-0.23544801,1.86507677,-0.16123686,-1.0,-0.10077793,0.0,-0.15,0.45409997,-0.34791871,1.0,-0.00024659,1.54442988,0.15962763,-0.05729658,0.00746942,0.34192496,0.54937868,0.04870605,2.2356759,1.09766462,-0.27506782,-1.45720588,-0.01643606,0.01552798,1.67079208,0.065625,-0.35880649,,0.03,-0.1925762,0.03,-0.37940112,0.03,0.03649788,2.66666667,-0.25755233,0.24153602,-0.04123058,0.00970819,-4.833e-05,0.0,0.0,-1.0,0.0,-0.5098912,0.0,1.0,1.09068739,-0.53617443,0.0,1.0,0.8160414,0.26497738,0.95371908,0.87985224,-1.0,0.5908646,0.83333333,-0.27243067,1.0,-0.875,-0.17057305,0.0,-0.49382716
601939.XSHG,0.42773246,-0.45484689,0.17561729,-0.88888889,-0.42152152,0.10438649,-1.0,-0.21911958,-0.09,0.1813133,0.01881803,-0.09,-0.31098757,0.0631381,-0.56121122,-0.16023545,-0.36201414,-0.86396337,-1.81215289,-0.11805028,-1.0,0.24435108,-0.1,-0.08,0.06566482,-0.91855865,1.0,-0.00026295,0.72506553,0.04850957,1.48097131,0.00728746,0.1004894,0.44211903,0.0,0.57245113,0.24302081,-0.84478975,-1.46992336,-0.10050593,-0.01598647,1.25747126,0.05,0.32816374,,-0.09,-0.3900975,-0.09,-0.63425158,-0.09,-0.0848017,0.4025974,-0.60588781,-0.54923242,-0.88540609,-0.01027521,-0.00067412,1.0,0.0,0.0,0.0,-1.44230135,-1.0,0.93333333,3.04209332,-0.57383548,0.0,0.0,0.8536357,-0.15386233,0.93447702,0.98818595,-1.0,,0.5,-0.53539967,0.0,-0.25,0.47375345,0.0,0.52631579
601958.XSHG,0.03115824,-0.3320563,0.54222267,-0.88888889,-0.33264479,-0.02331272,-0.66666667,-0.17345598,-0.06,0.21006207,0.46399885,-0.06,-0.71713538,-0.00513308,-1.93993312,-0.6383257,-0.53739957,-0.54153041,-1.53936622,-0.00838764,1.0,-0.09007897,-0.06,-1.81,0.06860503,-0.82572282,-1.0,0.00049974,1.44331586,0.06806988,1.32378725,0.00644554,0.10766721,0.25768476,0.02459717,1.95572836,0.52631035,-0.74499898,-1.30568538,-0.2897346,0.01419759,1.39095745,0.325,-0.59944091,,1.0,0.05172622,-0.06,-0.99900859,-0.06,-0.01458347,-0.27777778,-0.37666932,-0.76649095,-0.5201633,0.03678217,0.00021939,1.0,-1.0,0.0,0.0,-1.05308276,-1.0,,0.91936093,-0.75850677,0.0,1.0,0.96820783,0.4515818,0.91531128,0.86832597,-1.0,,0.5,,0.0,-0.75,-0.124772,0.0,0.1996008
601966.XSHG,-0.33017945,0.27805334,0.36731717,-0.11111111,-0.10320979,0.51505743,-1.0,-0.49671485,0.45,0.07089187,1.10299154,0.45,-0.12491825,0.12893312,-0.8745293,-0.1000654,-0.02009608,-0.15467626,1.02123489,-0.0760498,-1.0,0.32760119,0.0,-0.94,0.85135577,-0.67419986,1.0,0.00013043,1.72395151,0.17345644,0.53536768,0.0077,0.81402936,0.77828646,0.26550293,1.83257983,1.43194728,-0.01704936,-0.07600666,-0.03594231,0.077488,1.03168686,0.4875,0.31267393,,-1.0,-0.00309533,0.45,-0.43688037,0.45,0.0,44.46153846,-0.0239301,0.20503506,-0.02268157,0.62349947,-6.559e-05,1.0,0.0,-1.0,-1.0,-0.62413452,0.0,1.0,1.96843606,-0.6875,0.0,1.0,0.54707026,0.22907809,1.11685073,0.93373496,0.0,0.96476346,0.33333333,-0.34176397,0.0,-1.0,0.709453,-1.0,-0.95541401
601985.XSHG,-0.33017945,0.26496836,-0.32947436,-0.11111111,-0.10905508,-0.02281062,0.76666667,-0.12220762,0.15,0.54459327,1.17215871,0.15,-0.10791367,-0.00589698,-0.64619302,-0.11020275,-0.03820715,-0.43688685,1.66383535,-0.05518987,1.0,0.03034087,0.0,0.19,0.81639987,-0.12178058,1.0,-0.00046018,1.25534076,0.15042801,2.17654234,0.00734764,0.6822186,0.14944408,0.82116699,3.72356677,1.28973422,-0.0291123,-1.27542526,0.00414631,0.01358592,2.27079935,0.85,0.49203143,,1.0,0.14310189,0.15,-0.64434869,0.15,0.07622019,14.71428571,-0.06840016,0.50362514,-0.00496834,0.0773415,2.391e-05,1.0,0.0,-1.0,0.0,-0.70243983,0.0,1.0,96.64402878,-0.9375,-1.0,1.0,0.82002987,0.6717889,1.7668338,0.8711942,-1.0,0.5,0.55555556,-0.22954668,1.0,-1.0,0.5314856,0.0,-0.86956522
601988.XSHG,0.42773246,-0.61132449,-0.17557192,-1.0,-0.35853836,-0.53362207,-0.98333333,-0.22207622,-0.09,0.43809213,0.85997165,-0.09,-0.22007848,-0.48239295,-1.549577,-0.18508829,-0.67178861,-0.87802485,-1.75138844,-0.09485655,-1.0,-0.01430399,-0.12,-0.17,0.05847762,-0.93055556,-1.0,0.00048058,0.70589777,0.00784506,1.51495928,0.00690522,0.06199021,0.17233486,0.0,1.84960288,0.19223444,-0.88093377,-1.38732933,-0.10288103,-0.01204184,6.31944444,0.1,-0.71783794,,-0.09,-0.40757545,-0.09,-0.869967,-0.09,-0.05051944,0.3,-0.68747587,-0.84498807,-0.73448718,-0.02423181,-0.00069734,1.0,0.0,0.0,0.0,-1.52060666,-1.0,,0.6140516,-0.56987116,0.0,0.0,0.85914717,-0.29123631,0.93169696,0.95705263,-1.0,,0.77777778,-0.37585644,1.0,-0.625,0.04902771,-1.0,0.6870229
601989.XSHG,,,,,,,,,,,,,,,,,,,,,,,,,,,,,,,,,,,,,,,,,,,,,,,,,,,,,,,,,,,,,,,,,,,,,,,,,,,,,,,,,
601992.XSHG,0.42773246,-0.98358457,-0.19638376,-1.0,-0.67051619,-0.63544866,-0.80833333,-0.58377135,-0.11,0.16448873,0.28143097,-0.11,-0.60627861,-0.60338473,-1.58835104,-0.61412688,-0.17506018,-0.90058862,-1.89741914,-0.04954482,-1.0,-0.03567191,-0.79,-0.66,0.02646194,-0.72886899,-1.0,0.00045414,1.00822412,0.01165417,1.36894105,0.00667011,0.04502447,0.05199477,0.0,3.51524519,0.94197157,-0.89686164,-1.51233637,-0.53774363,0.02226373,0.74747475,0.11875,-0.91828098,,-0.11,0.35627382,-0.11,-0.84567292,-0.11,-0.00882391,-0.31666667,-0.48633808,-0.93972825,-0.56140594,-1.13681073,-0.00068315,0.0,-1.0,-1.0,-1.0,-1.56758985,0.0,,0.25705833,-0.82193591,-1.0,0.0,0.52171218,-0.49277538,0.98567248,0.87539211,-1.0,0.06231648,0.25,-0.68287113,0.0,-0.92307692,-0.52841959,-1.0,0.37664783
601997.XSHG,-0.33017945,0.21300823,-0.24770243,-0.33333333,-0.04484851,0.04126934,-1.0,-0.07490145,0.02,0.3118262,0.86776824,-0.02,-0.029431,0.02966741,-0.48589625,-0.09221714,-0.02648377,-0.87573578,1.78569095,-0.01720712,-1.0,-0.03040073,0.0,-1.04,0.36360666,-0.22821773,1.0,-0.00034281,1.81716907,0.13414291,0.27270558,0.00401673,0.15269168,0.19391759,0.17773438,3.54699938,0.61851229,-0.20160705,-0.85654618,-0.02894715,0.00033526,0.31023281,0.1125,0.123413,,1.0,-0.129529,1.0,-0.47132913,1.0,0.0954982,-0.75,-0.50688045,-0.28751708,-0.5945002,-0.00815785,-0.00108111,1.0,-1.0,0.0,0.0,-0.75436861,-1.0,0.5,9.73794637,-0.625,-1.0,1.0,0.92304829,-0.12184498,1.38038426,0.67413258,-1.0,,0.16666667,-0.50511252,1.0,-0.125,-0.83709809,0.0,0.38961039
601998.XSHG,0.24665579,-0.38751446,-0.57456306,-0.44444444,-0.18219321,-0.63856922,0.16666667,-0.10775296,0.0,0.27425678,0.74357967,0.0,-0.29169392,-0.38916735,-1.01264139,-0.21844343,-0.30660208,-0.70928712,1.69813786,-0.17179652,1.0,-0.04943539,-0.14,-1.08,0.20875531,-0.93377235,-1.0,0.00049179,1.225,0.07000492,-0.28694905,0.00634048,0.20358891,0.07553957,0.20103455,2.81743346,0.37327893,-0.46257557,-1.50104252,-0.07905291,0.01289939,1.95641646,0.20625,-0.86800401,,1.0,-0.21083418,0.0,-0.96784886,1.0,0.01166286,2.75,-0.2481509,-0.08717588,-0.22897507,0.02436261,3.69e-06,1.0,-1.0,0.0,0.0,-1.09446093,-1.0,1.0,0.80200101,-0.5625,-1.0,0.0,0.99513319,0.12385235,0.93065588,0.40301709,-1.0,0.5,0.19444444,-0.22120718,1.0,-0.92307692,-0.46179654,0.0,0.08264463
603160.XSHG,-0.33017945,0.13785021,-0.30895065,-0.22222222,-0.00732961,0.3997276,-1.0,-0.95236531,0.93,0.0245018,0.41138038,-0.93,-0.20863309,0.23575023,-0.65176869,-0.17593198,-0.01781701,-0.04316547,1.98856583,-0.02191099,-1.0,0.42806731,0.0,-7.69,0.85494936,-0.73854895,1.0,0.00022248,1.61730013,0.13528108,0.74058039,0.00653521,0.42022838,0.97449313,0.06152344,3.31608817,1.93258057,-0.13797434,-0.55158252,-0.44414718,0.2642516,0.92927308,0.225,-0.11521569,,-1.0,-0.27003967,0.93,-0.47257105,0.93,0.22569095,4.02941176,-0.05978556,0.20090071,-0.03075865,0.69623357,-0.00068584,0.0,0.0,0.0,-1.0,-0.25107155,0.0,1.0,0.68297052,-0.5625,-1.0,1.0,0.60617538,0.07419245,2.1224777,0.98755823,0.0,0.38238173,0.33333333,-0.37879282,0.0,-0.92307692,0.58664436,0.0,-0.59243398
603858.XSHG,0.24665579,-0.76938485,-0.22012423,-0.11111111,-0.08749397,0.54909766,-1.0,-0.84362681,0.96,0.95524338,0.46292703,-0.96,-0.21059516,0.23496774,-0.41945427,-0.16612165,-0.00654869,-0.14094179,-1.42763803,-0.26297325,-1.0,-0.74676563,0.0,0.4,0.77915714,0.02941176,1.0,-2.195e-05,0.55694626,0.04907384,0.71830761,0.00664838,0.58270799,0.62393721,0.2175293,2.81551376,1.95460063,-0.17447315,-0.99232545,0.27652541,0.146493,0.90858086,0.0875,-0.40836042,,0.96,-0.81803708,0.96,-0.6064111,0.96,-0.09295982,-6.51111111,-0.09050021,0.41171665,-0.03972349,0.58439439,-0.00088453,1.0,0.0,0.0,-1.0,-1.39004286,0.0,1.0,0.82047915,-0.74859597,0.0,1.0,0.9735949,0.07990006,1.93747957,0.58179852,0.0,0.5,0.94444444,-0.76411093,1.0,-0.92307692,0.09370643,0.0,-0.91503268
603993.XSHG,0.03115824,-0.62767157,0.02921063,-0.55555556,-0.08657021,0.33086271,0.11666667,-0.07358739,-0.11,0.16448873,0.67870391,-0.11,-0.18639634,0.0216817,-0.81190334,-0.1589274,-0.30945515,-0.50490517,1.89872591,-0.03788635,1.0,0.1064873,-0.19,-0.15,0.00457367,-0.5535093,1.0,0.00053511,1.59747706,0.05794343,1.40757539,0.00696961,0.06721044,0.25376063,0.04602051,2.93393235,0.1194836,-0.63019568,-1.53952432,-0.11212986,0.00081098,2.95069034,0.225,0.35108181,,1.0,0.09248378,1.0,-0.17125788,1.0,0.32534793,-0.98809524,-0.34821264,0.10396005,-0.35810309,0.08465405,8.071e-05,1.0,-1.0,-1.0,0.0,-1.52390373,-1.0,,1.31433917,-0.77799802,0.0,0.0,0.99255415,0.66369207,0.63943883,0.56547752,-1.0,,0.16666667,,0.0,-0.625,-0.34493893,0.0,0.24154589
